2008-01-01,NW,LAX,DTW,0010,-10.00,0.00,-1,0001-0559,32.00,0032,0719,15.00,0737,0734,-3.00,0.00,-1,0700-0759,0.00,0.00,267.00,274.00,227.00,1.00,1979.00,8,,,,,,OT,3434,2400,4130,3978,1716,-1,-1,2008-01-01,-1,-1,8,OT,,,,,,1,2,2,1,3,8,6,719,32,10,737,734,2400,,,,,,719,32,10
2008-01-02,UA,ORD,MSY,2005,235.00,1.00,12,2000-2059,10.00,0010,0156,5.00,2231,0201,210.00,1.00,12,2200-2259,0.00,0.00,146.00,121.00,106.00,1.00,837.00,4,210.00,0.00,0.00,0.00,0.00,DD,31219,2400,5798,1343,3987,12,12,2008-01-02,12,12,4,DD,210.00,0.00,0.00,0.00,0.00,2,15,15,16,18,4,7,156,10,2005,2231,201,2400,210,0,0,0,0,156,10,2005
2008-01-02,B6,JFK,PWM,2100,180.00,1.00,12,2100-2159,22.00,0022,0115,3.00,2237,0118,161.00,1.00,10,2200-2259,0.00,0.00,97.00,78.00,53.00,1.00,274.00,2,3.00,0.00,0.00,0.00,158.00,DD,31676,2400,3343,3102,5433,10,12,2008-01-02,12,10,2,DD,3.00,0.00,0.00,0.00,158.00,2,15,13,17,18,2,7,115,22,2100,2237,118,2400,3,0,0,0,158,115,22,2100
2008-01-03,F9,DEN,FLL,2355,5.00,0.00,0,2300-2359,9.00,0009,0523,5.00,0532,0528,-4.00,0.00,-1,0001-0559,0.00,0.00,217.00,208.00,194.00,1.00,1703.00,7,,,,,,OT,57231,2400,2719,1701,2176,-1,0,2008-01-03,0,-1,7,OT,,,,,,3,3,2,19,1,7,6,523,9,2355,532,528,2400,,,,,,523,9,2355
2008-01-03,YV,LAS,SLC,2352,8.00,0.00,0,2300-2359,24.00,0024,0200,5.00,0221,0205,-16.00,0.00,-2,0001-0559,0.00,0.00,89.00,65.00,36.00,1.00,368.00,2,,,,,,DD,60690,2400,3836,4310,5954,-2,0,2008-01-03,0,-2,2,DD,,,,,,3,3,1,19,1,2,7,200,24,2352,221,205,2400,,,,,,200,24,2352
2008-01-04,F9,DEN,PHL,2355,5.00,0.00,0,2300-2359,8.00,0008,0504,4.00,0515,0508,-7.00,0.00,-1,0001-0559,0.00,0.00,200.00,188.00,176.00,1.00,1557.00,7,,,,,,OT,63196,2400,2719,1701,5279,-1,0,2008-01-04,0,-1,7,OT,,,,,,4,3,2,19,1,7,6,504,8,2355,515,508,2400,,,,,,504,8,2355
2008-01-04,XE,LAX,PDX,2015,225.00,1.00,12,2000-2059,62.00,0102,0301,5.00,2249,0306,257.00,1.00,12,2200-2259,0.00,0.00,154.00,186.00,119.00,1.00,834.00,4,0.00,0.00,32.00,0.00,225.00,DD,76013,2400,2516,3978,5432,12,12,2008-01-04,12,12,4,DD,0.00,0.00,32.00,0.00,225.00,4,15,15,16,18,4,7,301,102,2015,2249,306,2400,0,0,32,0,225,301,102,2015
2008-01-05,AA,LAX,JFK,2345,15.00,1.00,1,2300-2359,35.00,0035,0758,8.00,0755,0806,11.00,0.00,0,0700-0759,0.00,0.00,310.00,306.00,263.00,1.00,2475.00,10,,,,,,DD,88237,2400,1125,3978,3102,0,1,2008-01-05,1,0,10,DD,,,,,,5,4,3,19,3,10,7,758,35,2345,755,806,2400,,,,,,758,35,2345
2008-01-05,YV,LAS,YUM,2359,1.00,0.00,0,2300-2359,19.00,0019,0213,9.00,0221,0222,1.00,0.00,0,0001-0559,0.00,0.00,82.00,82.00,54.00,1.00,238.00,1,,,,,,OT,100012,2400,3836,4310,7630,0,0,2008-01-05,0,0,1,OT,,,,,,5,3,3,19,1,1,6,213,19,2359,221,222,2400,,,,,,213,19,2359
2008-01-06,US,LAS,CMH,2347,13.00,0.00,0,2300-2359,15.00,0015,0633,7.00,0644,0640,-4.00,0.00,-1,0600-0659,0.00,0.00,237.00,220.00,198.00,1.00,1772.00,8,,,,,,DD,106376,2400,5840,4310,3103,-1,0,2008-01-06,0,-1,8,DD,,,,,,6,3,2,19,2,8,7,633,15,2347,644,640,2400,,,,,,633,15,2347
2008-01-06,DL,LAS,MCO,2245,75.00,1.00,5,2200-2259,12.00,0012,0704,7.00,0600,0711,71.00,1.00,4,0600-0659,0.00,0.00,255.00,251.00,232.00,1.00,2039.00,9,0.00,0.00,0.00,0.00,71.00,DD,118695,2400,2182,4310,5055,4,5,2008-01-06,5,4,9,DD,0.00,0.00,0.00,0.00,71.00,6,8,7,18,2,9,7,704,12,2245,600,711,2400,0,0,0,0,71,704,12,2245
2008-01-07,B6,OAK,BOS,2350,10.00,0.00,0,2300-2359,9.00,0009,0805,5.00,0813,0810,-3.00,0.00,-1,0800-0859,0.00,0.00,323.00,310.00,296.00,1.00,2694.00,11,,,,,,DD,124175,2400,3343,4382,2321,-1,0,2008-01-07,0,-1,11,DD,,,,,,7,3,2,19,4,11,7,805,9,2350,813,810,2400,,,,,,805,9,2350
2008-01-07,MQ,ORD,GRR,2135,145.00,1.00,9,2100-2159,13.00,0013,0144,2.00,2325,0146,141.00,1.00,9,2300-2359,0.00,0.00,50.00,46.00,31.00,1.00,137.00,1,0.00,19.00,0.00,0.00,122.00,DD,136618,2400,1127,1343,2364,9,9,2008-01-07,9,9,1,DD,0.00,19.00,0.00,0.00,122.00,7,12,12,17,19,1,7,144,13,2135,2325,146,2400,0,19,0,0,122,144,13,2135
2008-01-08,MQ,ORD,OKC,2125,155.00,1.00,10,2100-2159,14.00,0014,0159,3.00,2330,0202,152.00,1.00,10,2300-2359,0.00,0.00,125.00,122.00,105.00,1.00,693.00,3,0.00,0.00,4.00,0.00,148.00,DD,155957,2400,1127,1343,7467,10,10,2008-01-08,10,10,3,DD,0.00,0.00,4.00,0.00,148.00,8,13,13,17,19,3,7,159,14,2125,2330,202,2400,0,0,4,0,148,159,14,2125
2008-01-08,B6,MCO,PSE,2345,15.00,1.00,1,2300-2359,13.00,0013,0332,3.00,0340,0335,-5.00,0.00,-1,0001-0559,0.00,0.00,175.00,155.00,139.00,1.00,1180.00,5,,,,,,DD,158555,2400,3343,5055,4365,-1,1,2008-01-08,1,-1,5,DD,,,,,,8,4,2,19,1,5,7,332,13,2345,340,335,2400,,,,,,332,13,2345
2008-01-11,YV,LAS,FAT,2355,5.00,0.00,0,2300-2359,19.00,0019,0105,5.00,0110,0110,0.00,0.00,0,0001-0559,0.00,0.00,75.00,70.00,46.00,1.00,258.00,2,,,,,,OT,202183,2400,3836,4310,2227,0,0,2008-01-11,0,0,2,OT,,,,,,11,3,3,19,1,2,6,105,19,2355,110,110,2400,,,,,,105,19,2355
2008-01-11,YV,LAS,MFR,2351,9.00,0.00,0,2300-2359,23.00,0023,0206,4.00,0148,0210,22.00,1.00,1,0001-0559,0.00,0.00,117.00,130.00,103.00,1.00,599.00,3,22.00,0.00,0.00,0.00,0.00,DD,202185,2400,3836,4310,5824,1,0,2008-01-11,0,1,3,DD,22.00,0.00,0.00,0.00,0.00,11,3,4,19,1,3,7,206,23,2351,148,210,2400,22,0,0,0,0,206,23,2351
2008-01-12,AA,KOA,LAX,2355,5.00,0.00,0,2300-2359,11.00,0011,0645,12.00,0655,0657,2.00,0.00,0,0600-0659,0.00,0.00,300.00,297.00,274.00,1.00,2504.00,11,,,,,,OT,224438,2400,1125,1969,3978,0,0,2008-01-12,0,0,11,OT,,,,,,12,3,3,19,2,11,6,645,11,2355,655,657,2400,,,,,,645,11,2355
2008-01-13,YV,LAS,PSP,2359,1.00,0.00,0,2300-2359,20.00,0020,0108,2.00,0110,0110,0.00,0.00,0,0001-0559,0.00,0.00,71.00,70.00,48.00,1.00,173.00,1,,,,,,OT,238107,2400,3836,4310,5147,0,0,2008-01-13,0,0,1,OT,,,,,,13,3,3,19,1,1,6,108,20,2359,110,110,2400,,,,,,108,20,2359
2008-01-13,AA,LAX,MIA,2315,45.00,1.00,3,2300-2359,15.00,0015,0728,7.00,0700,0735,35.00,1.00,2,0700-0759,0.00,0.00,285.00,275.00,253.00,1.00,2342.00,10,17.00,0.00,0.00,0.00,18.00,DD,241610,2400,1125,3978,4388,2,3,2008-01-13,3,2,10,DD,17.00,0.00,0.00,0.00,18.00,13,6,5,19,3,10,7,728,15,2315,700,735,2400,17,0,0,0,18,728,15,2315
2008-01-15,B6,MCO,PSE,2345,15.00,1.00,1,2300-2359,14.00,0014,0333,4.00,0340,0337,-3.00,0.00,-1,0001-0559,0.00,0.00,175.00,157.00,139.00,1.00,1180.00,5,,,,,,DD,281091,2400,3343,5055,4365,-1,1,2008-01-15,1,-1,5,DD,,,,,,15,4,2,19,1,5,7,333,14,2345,340,337,2400,,,,,,333,14,2345
2008-01-17,US,CLT,BUF,2200,120.00,1.00,8,2200-2259,14.00,0014,0124,3.00,2344,0127,103.00,1.00,6,2300-2359,0.00,0.00,104.00,87.00,70.00,1.00,546.00,3,103.00,0.00,0.00,0.00,0.00,DD,318364,2400,5840,1289,980,6,8,2008-01-17,8,6,3,DD,103.00,0.00,0.00,0.00,0.00,17,11,9,18,19,3,7,124,14,2200,2344,127,2400,103,0,0,0,0,124,14,2200
2008-01-17,DL,ATL,SAV,2240,80.00,1.00,5,2200-2259,14.00,0014,0051,7.00,2338,0058,80.00,1.00,5,2300-2359,0.00,0.00,58.00,58.00,37.00,1.00,215.00,1,5.00,0.00,0.00,0.00,75.00,DD,321827,2400,2182,2658,6123,5,5,2008-01-17,5,5,1,DD,5.00,0.00,0.00,0.00,75.00,17,8,8,18,19,1,7,51,14,2240,2338,58,2400,5,0,0,0,75,51,14,2240
2008-01-18,US,LAS,ORD,2356,4.00,0.00,0,2300-2359,18.00,0018,0514,7.00,0537,0521,-16.00,0.00,-2,0001-0559,0.00,0.00,221.00,201.00,176.00,1.00,1515.00,7,,,,,,OT,340629,2400,5840,4310,1343,-2,0,2008-01-18,0,-2,7,OT,,,,,,18,3,1,19,1,7,6,514,18,2356,537,521,2400,,,,,,514,18,2356
2008-01-18,UA,DEN,IAD,2359,1.00,0.00,0,2300-2359,19.00,0019,0458,4.00,0506,0502,-4.00,0.00,-1,0001-0559,0.00,0.00,187.00,182.00,159.00,1.00,1452.00,6,,,,,,OT,350816,2400,5798,1701,7364,-1,0,2008-01-18,0,-1,6,OT,,,,,,18,3,2,19,1,6,6,458,19,2359,506,502,2400,,,,,,458,19,2359
2008-01-19,DL,OGG,SLC,2250,70.00,1.00,4,2200-2259,12.00,0012,0848,11.00,0752,0859,67.00,1.00,4,0700-0759,0.00,0.00,362.00,359.00,336.00,1.00,2936.00,11,0.00,0.00,0.00,0.00,67.00,DD,358844,2400,2182,3187,5954,4,4,2008-01-19,4,4,11,DD,0.00,0.00,0.00,0.00,67.00,19,7,7,18,3,11,7,848,12,2250,752,859,2400,0,0,0,0,67,848,12,2250
2008-01-20,US,LAS,ONT,2358,2.00,0.00,0,2300-2359,36.00,0036,0112,5.00,0102,0117,15.00,1.00,1,0001-0559,0.00,0.00,64.00,77.00,36.00,1.00,197.00,1,2.00,0.00,13.00,0.00,0.00,DD,374438,2400,5840,4310,5026,1,0,2008-01-20,0,1,1,DD,2.00,0.00,13.00,0.00,0.00,20,3,4,19,1,1,7,112,36,2358,102,117,2400,2,0,13,0,0,112,36,2358
2008-01-20,YV,LAS,FAT,2355,5.00,0.00,0,2300-2359,34.00,0034,0120,5.00,0110,0125,15.00,1.00,1,0001-0559,0.00,0.00,75.00,85.00,46.00,1.00,258.00,2,15.00,0.00,0.00,0.00,0.00,DD,380537,2400,3836,4310,2227,1,0,2008-01-20,0,1,2,DD,15.00,0.00,0.00,0.00,0.00,20,3,4,19,1,2,7,120,34,2355,110,125,2400,15,0,0,0,0,120,34,2355
2008-01-20,YV,LAS,MFR,2351,9.00,0.00,0,2300-2359,30.00,0030,0216,4.00,0148,0220,32.00,1.00,2,0001-0559,0.00,0.00,117.00,140.00,106.00,1.00,599.00,3,32.00,0.00,0.00,0.00,0.00,DD,380539,2400,3836,4310,5824,2,0,2008-01-20,0,2,3,DD,32.00,0.00,0.00,0.00,0.00,20,3,5,19,1,3,7,216,30,2351,148,220,2400,32,0,0,0,0,216,30,2351
2008-01-20,DL,SLC,JFK,2359,1.00,0.00,0,2300-2359,17.00,0017,0552,6.00,0616,0558,-18.00,0.00,-2,0600-0659,0.00,0.00,257.00,238.00,215.00,1.00,1989.00,8,,,,,,OT,385207,2400,2182,5954,3102,-2,0,2008-01-20,0,-2,8,OT,,,,,,20,3,1,19,2,8,6,552,17,2359,616,558,2400,,,,,,552,17,2359
2008-01-20,AA,DFW,TUL,2245,75.00,1.00,5,2200-2259,16.00,0016,0057,2.00,2340,0059,79.00,1.00,5,2300-2359,0.00,0.00,55.00,59.00,41.00,1.00,237.00,1,0.00,0.00,4.00,0.00,75.00,DD,389165,2400,1125,1615,7030,5,5,2008-01-20,5,5,1,DD,0.00,0.00,4.00,0.00,75.00,20,8,8,18,19,1,7,57,16,2245,2340,59,2400,0,0,4,0,75,57,16,2245
2008-01-21,UA,ORD,CLE,2125,155.00,1.00,10,2100-2159,36.00,0036,0218,2.00,2336,0220,164.00,1.00,10,2300-2359,0.00,0.00,71.00,80.00,42.00,1.00,316.00,2,0.00,0.00,9.00,0.00,155.00,DD,395593,2400,5798,1343,1425,10,10,2008-01-21,10,10,2,DD,0.00,0.00,9.00,0.00,155.00,21,13,13,17,19,2,7,218,36,2125,2336,220,2400,0,0,9,0,155,218,36,2125
2008-01-21,OH,MSP,CVG,1755,365.00,1.00,12,1700-1759,30.00,0030,0238,10.00,2041,0248,367.00,1.00,12,2000-2059,0.00,0.00,106.00,108.00,68.00,1.00,596.00,3,0.00,0.00,2.00,0.00,365.00,DD,404678,2400,1987,4435,1403,12,12,2008-01-21,12,12,3,DD,0.00,0.00,2.00,0.00,365.00,21,15,15,13,16,3,7,238,30,1755,2041,248,2400,0,0,2,0,365,238,30,1755
2008-01-21,MQ,GRB,ORD,1830,330.00,1.00,12,1800-1859,8.00,0008,0049,6.00,1935,0055,320.00,1.00,12,1900-1959,0.00,0.00,65.00,55.00,41.00,1.00,174.00,1,0.00,0.00,219.00,0.00,101.00,DD,407055,2400,1127,451,1343,12,12,2008-01-21,12,12,1,DD,0.00,0.00,219.00,0.00,101.00,21,15,15,14,15,1,7,49,8,1830,1935,55,2400,0,0,219,0,101,49,8,1830
2008-01-24,F9,DEN,BDL,2355,5.00,0.00,0,2300-2359,23.00,0023,0532,11.00,0532,0543,11.00,0.00,0,0001-0559,0.00,0.00,217.00,223.00,189.00,1.00,1671.00,7,,,,,,DD,454818,2400,2719,1701,891,0,0,2008-01-24,0,0,7,DD,,,,,,24,3,3,19,1,7,7,532,23,2355,532,543,2400,,,,,,532,23,2355
2008-01-24,US,LAS,SAN,2359,1.00,0.00,0,2300-2359,39.00,0039,0124,4.00,0117,0128,11.00,0.00,0,0001-0559,0.00,0.00,78.00,88.00,45.00,1.00,258.00,2,,,,,,DD,456154,2400,5840,4310,5986,0,0,2008-01-24,0,0,2,DD,,,,,,24,3,3,19,1,2,7,124,39,2359,117,128,2400,,,,,,124,39,2359
2008-01-25,US,LAS,MCO,2351,9.00,0.00,0,2300-2359,26.00,0026,0656,4.00,0714,0700,-14.00,0.00,-1,0700-0759,0.00,0.00,263.00,240.00,210.00,1.00,2039.00,9,,,,,,DD,489193,2400,5840,4310,5055,-1,0,2008-01-25,0,-1,9,DD,,,,,,25,3,2,19,3,9,7,656,26,2351,714,700,2400,,,,,,656,26,2351
2008-01-26,FL,PHX,ATL,2359,1.00,0.00,0,2300-2359,9.00,0009,0453,7.00,0529,0500,-29.00,0.00,-2,0001-0559,0.00,0.00,210.00,180.00,164.00,1.00,1587.00,7,,,,,,OT,505501,2400,981,5288,2658,-2,0,2008-01-26,0,-2,7,OT,,,,,,26,3,1,19,1,7,6,453,9,2359,529,500,2400,,,,,,453,9,2359
2008-01-27,US,LAS,PHX,2359,1.00,0.00,0,2300-2359,25.00,0025,0213,6.00,0219,0219,0.00,0.00,0,0001-0559,0.00,0.00,80.00,79.00,48.00,1.00,256.00,2,,,,,,OT,508176,2400,5840,4310,5288,0,0,2008-01-27,0,0,2,OT,,,,,,27,3,3,19,1,2,6,213,25,2359,219,219,2400,,,,,,213,25,2359
2008-01-27,XE,LAX,PDX,2015,225.00,1.00,12,2000-2059,63.00,0103,0303,7.00,2249,0310,261.00,1.00,12,2200-2259,0.00,0.00,154.00,190.00,120.00,1.00,834.00,4,225.00,0.00,36.00,0.00,0.00,DD,514141,2400,2516,3978,5432,12,12,2008-01-27,12,12,4,DD,225.00,0.00,36.00,0.00,0.00,27,15,15,16,18,4,7,303,103,2015,2249,310,2400,225,0,36,0,0,303,103,2015
2008-01-27,B6,SEA,JFK,2359,1.00,0.00,0,2300-2359,16.00,0016,0747,3.00,0800,0750,-10.00,0.00,-1,0800-0859,0.00,0.00,301.00,290.00,271.00,1.00,2421.00,10,,,,,,OT,517074,2400,3343,6151,3102,-1,0,2008-01-27,0,-1,10,OT,,,,,,27,3,2,19,4,10,6,747,16,2359,800,750,2400,,,,,,747,16,2359
2008-01-28,YV,ORD,CLT,2055,185.00,1.00,12,2000-2059,18.00,0018,0234,4.00,2340,0238,178.00,1.00,11,2300-2359,0.00,0.00,105.00,98.00,76.00,1.00,599.00,3,178.00,0.00,0.00,0.00,0.00,DD,528207,2400,3836,1343,1289,11,12,2008-01-28,12,11,3,DD,178.00,0.00,0.00,0.00,0.00,28,15,14,16,19,3,7,234,18,2055,2340,238,2400,178,0,0,0,0,234,18,2055
2008-01-28,B6,TUS,JFK,2359,1.00,0.00,0,2300-2359,11.00,0011,0551,4.00,0619,0555,-24.00,0.00,-2,0600-0659,0.00,0.00,260.00,235.00,220.00,1.00,2136.00,9,,,,,,OT,535177,2400,3343,7020,3102,-2,0,2008-01-28,0,-2,9,OT,,,,,,28,3,1,19,2,9,6,551,11,2359,619,555,2400,,,,,,551,11,2359
2008-01-28,DL,LAX,ATL,2350,10.00,0.00,0,2300-2359,14.00,0014,0633,7.00,0657,0640,-17.00,0.00,-2,0600-0659,0.00,0.00,247.00,220.00,199.00,1.00,1946.00,8,,,,,,DD,545064,2400,2182,3978,2658,-2,0,2008-01-28,0,-2,8,DD,,,,,,28,3,1,19,2,8,7,633,14,2350,657,640,2400,,,,,,633,14,2350
2008-01-31,US,PHX,DTW,2315,45.00,1.00,3,2300-2359,16.00,0016,0547,7.00,0502,0554,52.00,1.00,3,0001-0559,0.00,0.00,227.00,234.00,211.00,1.00,1671.00,7,45.00,0.00,7.00,0.00,0.00,DD,593083,2400,5840,5288,1716,3,3,2008-01-31,3,3,7,DD,45.00,0.00,7.00,0.00,0.00,31,6,6,19,1,7,7,547,16,2315,502,554,2400,45,0,7,0,0,547,16,2315
2008-01-31,UA,LAS,IAD,2335,25.00,1.00,1,2300-2359,24.00,0024,0728,13.00,0655,0741,46.00,1.00,3,0600-0659,0.00,0.00,260.00,281.00,244.00,1.00,2066.00,9,8.00,0.00,21.00,0.00,17.00,DD,605712,2400,5798,4310,7364,3,1,2008-01-31,1,3,9,DD,8.00,0.00,21.00,0.00,17.00,31,4,6,19,2,9,7,728,24,2335,655,741,2400,8,0,21,0,17,728,24,2335
