2008-01-01,NW,PHX,MSP,1912,39.00,1.00,2,1900-1959,19.00,2010,2353,7.00,2316,2400,44.00,1.00,2,2300-2359,0.00,0.00,184.00,189.00,163.00,1.00,1276.00,6,0.00,0.00,5.00,0.00,39.00,DD,1368,1951,4130,5288,4435,2,2,2008-01-01,2,2,6,DD,0.00,0.00,5.00,0.00,39.00,1,5,5,15,19,6,7,2353,2010,1912,2316,2400,1951,0,0,5,0,39,2353,2010,1912,1951
2008-01-01,WN,OAK,BOI,2120,32.00,1.00,2,2100-2159,4.00,2156,2357,3.00,2345,2400,15.00,1.00,1,2300-2359,0.00,0.00,85.00,68.00,61.00,1.00,511.00,3,1.00,0.00,0.00,0.00,14.00,DD,2954,2152,5214,4382,829,1,2,2008-01-01,2,1,3,DD,1.00,0.00,0.00,0.00,14.00,1,5,4,17,19,3,7,2357,2156,2120,2345,2400,2152,1,0,0,0,14,2357,2156,2120,2152
2008-01-01,UA,LAX,LAS,2245,-2.00,0.00,-1,2200-2259,23.00,2306,2349,11.00,2354,2400,6.00,0.00,0,2300-2359,0.00,0.00,69.00,77.00,43.00,1.00,236.00,1,,,,,,DD,3626,2243,5798,3978,4310,0,-1,2008-01-01,-1,0,1,DD,,,,,,1,2,3,18,19,1,7,2349,2306,2245,2354,2400,2243,,,,,,2349,2306,2245,2243
2008-01-01,MQ,MIA,CLT,2130,35.00,1.00,2,2100-2159,17.00,2222,2350,10.00,2335,2400,25.00,1.00,1,2300-2359,0.00,0.00,125.00,115.00,88.00,1.00,650.00,3,14.00,0.00,0.00,0.00,11.00,DD,9499,2205,1127,4388,1289,1,2,2008-01-01,2,1,3,DD,14.00,0.00,0.00,0.00,11.00,1,5,4,17,19,3,7,2350,2222,2130,2335,2400,2205,14,0,0,0,11,2350,2222,2130,2205
2008-01-01,UA,SFO,SAN,1830,247.00,1.00,12,1800-1859,17.00,2254,2358,2.00,1958,2400,242.00,1.00,12,1900-1959,0.00,0.00,88.00,83.00,64.00,1.00,447.00,2,25.00,0.00,0.00,0.00,217.00,DD,10887,2237,5798,5992,5986,12,12,2008-01-01,12,12,2,DD,25.00,0.00,0.00,0.00,217.00,1,15,15,14,15,2,7,2358,2254,1830,1958,2400,2237,25,0,0,0,217,2358,2254,1830,2237
2008-01-01,AA,DFW,JAX,2045,15.00,1.00,1,2000-2059,13.00,2113,2355,5.00,2355,2400,5.00,0.00,0,2300-2359,0.00,0.00,130.00,120.00,102.00,1.00,919.00,4,,,,,,DD,12189,2100,1125,1615,3013,0,1,2008-01-01,1,0,4,DD,,,,,,1,4,3,16,19,4,7,2355,2113,2045,2355,2400,2100,,,,,,2355,2113,2045,2100
2008-01-01,UA,ORD,FLL,1911,51.00,1.00,3,1900-1959,12.00,2014,2355,5.00,2314,2400,46.00,1.00,3,2300-2359,0.00,0.00,183.00,178.00,161.00,1.00,1182.00,5,0.00,16.00,0.00,0.00,30.00,DD,12723,2002,5798,1343,2176,3,3,2008-01-01,3,3,5,DD,0.00,16.00,0.00,0.00,30.00,1,6,6,15,19,5,7,2355,2014,1911,2314,2400,2002,0,16,0,0,30,2355,2014,1911,2002
2008-01-01,US,PHX,STL,1948,15.00,1.00,1,1900-1959,22.00,2025,2355,5.00,2350,2400,10.00,0.00,0,2300-2359,0.00,0.00,182.00,177.00,150.00,1.00,1262.00,6,,,,,,DD,13544,2003,5840,5288,6499,0,1,2008-01-01,1,0,6,DD,,,,,,1,4,3,15,19,6,7,2355,2025,1948,2350,2400,2003,,,,,,2355,2025,1948,2003
2008-01-01,AA,LAX,DEN,1825,139.00,1.00,9,1800-1859,20.00,2104,2355,5.00,2145,2400,135.00,1.00,9,2100-2159,0.00,0.00,140.00,136.00,111.00,1.00,862.00,4,15.00,0.00,0.00,0.00,120.00,DD,14014,2044,1125,3978,1701,9,9,2008-01-01,9,9,4,DD,15.00,0.00,0.00,0.00,120.00,1,12,12,14,17,4,7,2355,2104,1825,2145,2400,2044,15,0,0,0,120,2355,2104,1825,2044
2008-01-01,WN,BWI,BUF,2115,102.00,1.00,6,2100-2159,8.00,2305,2356,4.00,2220,2400,100.00,1.00,6,2200-2259,0.00,0.00,65.00,63.00,51.00,1.00,281.00,2,7.00,0.00,0.00,0.00,93.00,DD,16186,2257,5214,528,980,6,6,2008-01-01,6,6,2,DD,7.00,0.00,0.00,0.00,93.00,1,9,9,17,18,2,7,2356,2305,2115,2220,2400,2257,7,0,0,0,93,2356,2305,2115,2257
2008-01-01,WN,HOU,HRL,2120,106.00,1.00,7,2100-2159,8.00,2314,2357,3.00,2215,2400,105.00,1.00,7,2200-2259,0.00,0.00,55.00,54.00,43.00,1.00,276.00,2,17.00,0.00,0.00,0.00,88.00,DD,16624,2306,5214,7469,7180,7,7,2008-01-01,7,7,2,DD,17.00,0.00,0.00,0.00,88.00,1,10,10,17,18,2,7,2357,2314,2120,2215,2400,2306,17,0,0,0,88,2357,2314,2120,2306
2008-01-02,WN,MDW,BUF,1955,102.00,1.00,6,1900-1959,7.00,2144,2354,6.00,2215,2400,105.00,1.00,7,2200-2259,0.00,0.00,80.00,83.00,70.00,1.00,468.00,2,27.00,0.00,3.00,0.00,75.00,DD,20639,2137,5214,1342,980,7,6,2008-01-02,6,7,2,DD,27.00,0.00,3.00,0.00,75.00,2,9,10,15,18,2,7,2354,2144,1955,2215,2400,2137,27,0,3,0,75,2354,2144,1955,2137
2008-01-02,FL,ATL,LAX,2125,39.00,1.00,2,2100-2159,17.00,2221,2353,7.00,2328,2400,32.00,1.00,2,2300-2359,0.00,0.00,303.00,296.00,272.00,1.00,1946.00,8,32.00,0.00,0.00,0.00,0.00,DD,23818,2204,981,2658,3978,2,2,2008-01-02,2,2,8,DD,32.00,0.00,0.00,0.00,0.00,2,5,5,17,19,8,7,2353,2221,2125,2328,2400,2204,32,0,0,0,0,2353,2221,2125,2204
2008-01-02,US,CLT,MCO,2220,7.00,0.00,0,2200-2259,25.00,2252,2359,1.00,2355,2400,5.00,0.00,0,2300-2359,0.00,0.00,95.00,93.00,67.00,1.00,468.00,2,,,,,,DD,26792,2227,5840,1289,5055,0,0,2008-01-02,0,0,2,DD,,,,,,2,3,3,18,19,2,7,2359,2252,2220,2355,2400,2227,,,,,,2359,2252,2220,2227
2008-01-02,US,CLT,MSP,2200,17.00,1.00,1,2200-2259,12.00,2229,2358,2.00,2345,2400,15.00,1.00,1,2300-2359,0.00,0.00,165.00,163.00,149.00,1.00,930.00,4,0.00,0.00,0.00,0.00,15.00,DD,26803,2217,5840,1289,4435,1,1,2008-01-02,1,1,4,DD,0.00,0.00,0.00,0.00,15.00,2,4,4,18,19,4,7,2358,2229,2200,2345,2400,2217,0,0,0,0,15,2358,2229,2200,2217
2008-01-02,US,CLT,MYR,2225,18.00,1.00,1,2200-2259,41.00,2324,2355,5.00,2321,2400,39.00,1.00,2,2300-2359,0.00,0.00,56.00,77.00,31.00,1.00,156.00,1,14.00,0.00,21.00,0.00,4.00,DD,26813,2243,5840,1289,4644,2,1,2008-01-02,1,2,1,DD,14.00,0.00,21.00,0.00,4.00,2,4,5,18,19,1,7,2355,2324,2225,2321,2400,2243,14,0,21,0,4,2355,2324,2225,2243
2008-01-02,AA,DFW,JAX,2045,-1.00,0.00,-1,2000-2059,21.00,2105,2354,6.00,2355,2400,5.00,0.00,0,2300-2359,0.00,0.00,130.00,136.00,109.00,1.00,919.00,4,,,,,,OT,28583,2044,1125,1615,3013,0,-1,2008-01-02,-1,0,4,OT,,,,,,2,2,3,16,19,4,6,2354,2105,2045,2355,2400,2044,,,,,,2354,2105,2045,2044
2008-01-02,EV,ATL,MDT,2145,9.00,0.00,0,2100-2159,22.00,2216,2354,6.00,2336,2400,24.00,1.00,1,2300-2359,0.00,0.00,111.00,126.00,98.00,1.00,619.00,3,9.00,0.00,15.00,0.00,0.00,DD,33968,2154,1287,2658,2652,1,0,2008-01-02,0,1,3,DD,9.00,0.00,15.00,0.00,0.00,2,3,4,17,19,3,7,2354,2216,2145,2336,2400,2154,9,0,15,0,0,2354,2216,2145,2154
2008-01-02,AA,LAX,AUS,1905,14.00,0.00,0,1900-1959,15.00,1934,2356,4.00,2359,2400,1.00,0.00,0,2300-2359,0.00,0.00,174.00,161.00,142.00,1.00,1242.00,5,,,,,,DD,35926,1919,1125,3978,449,0,0,2008-01-02,0,0,5,DD,,,,,,2,3,3,15,19,5,7,2356,1934,1905,2359,2400,1919,,,,,,2356,1934,1905,1919
2008-01-02,MQ,JFK,BOS,2230,0.00,0.00,0,2200-2259,48.00,2318,2355,5.00,2335,2400,25.00,1.00,1,2300-2359,0.00,0.00,65.00,90.00,37.00,1.00,187.00,1,0.00,0.00,25.00,0.00,0.00,DD,35975,2230,1127,3102,2321,1,0,2008-01-02,0,1,1,DD,0.00,0.00,25.00,0.00,0.00,2,3,4,18,19,1,7,2355,2318,2230,2335,2400,2230,0,0,25,0,0,2355,2318,2230,2230
2008-01-02,UA,LAX,SFO,2230,11.00,0.00,0,2200-2259,19.00,2300,2355,5.00,2351,2400,9.00,0.00,0,2300-2359,0.00,0.00,81.00,79.00,55.00,1.00,337.00,2,,,,,,DD,39287,2241,5798,3978,5992,0,0,2008-01-02,0,0,2,DD,,,,,,2,3,3,18,19,2,7,2355,2300,2230,2351,2400,2241,,,,,,2355,2300,2230,2241
2008-01-03,AA,ORD,AUS,2135,5.00,0.00,0,2100-2159,10.00,2150,2354,6.00,0020,2400,-20.00,0.00,-2,0001-0559,0.00,0.00,165.00,140.00,124.00,1.00,978.00,4,,,,,,OT,46055,2140,1125,1343,449,-2,0,2008-01-03,0,-2,4,OT,,,,,,3,3,1,17,1,4,6,2354,2150,2135,20,2400,2140,,,,,,2354,2150,2135,2140
2008-01-03,UA,SFO,PHL,1515,47.00,1.00,3,1500-1559,14.00,1616,2356,4.00,2333,2400,27.00,1.00,1,2300-2359,0.00,0.00,318.00,298.00,280.00,1.00,2521.00,11,27.00,0.00,0.00,0.00,0.00,DD,48528,1602,5798,5992,5279,1,3,2008-01-03,3,1,11,DD,27.00,0.00,0.00,0.00,0.00,3,6,4,11,19,11,7,2356,1616,1515,2333,2400,1602,27,0,0,0,0,2356,1616,1515,1602
2008-01-03,US,PHL,PDX,2035,30.00,1.00,2,2000-2059,26.00,2131,2357,3.00,2359,2400,1.00,0.00,0,2300-2359,0.00,0.00,384.00,355.00,326.00,1.00,2406.00,10,,,,,,DD,51576,2105,5840,5279,5432,0,2,2008-01-03,2,0,10,DD,,,,,,3,5,3,16,19,10,7,2357,2131,2035,2359,2400,2105,,,,,,2357,2131,2035,2105
2008-01-03,WN,SAN,SMF,2150,48.00,1.00,3,2100-2159,8.00,2246,2356,4.00,2320,2400,40.00,1.00,2,2300-2359,0.00,0.00,90.00,82.00,70.00,1.00,480.00,2,1.00,0.00,0.00,0.00,39.00,DD,53878,2238,5214,5986,5904,2,3,2008-01-03,3,2,2,DD,1.00,0.00,0.00,0.00,39.00,3,6,5,17,19,2,7,2356,2246,2150,2320,2400,2238,1,0,0,0,39,2356,2246,2150,2238
2008-01-03,F9,DEN,MSP,2035,41.00,1.00,2,2000-2059,11.00,2127,2355,5.00,2328,2400,32.00,1.00,2,2300-2359,0.00,0.00,113.00,104.00,88.00,1.00,680.00,3,16.00,0.00,6.00,0.00,10.00,DD,59087,2116,2719,1701,4435,2,2,2008-01-03,2,2,3,DD,16.00,0.00,6.00,0.00,10.00,3,5,5,16,19,3,7,2355,2127,2035,2328,2400,2116,16,0,6,0,10,2355,2127,2035,2116
2008-01-03,FL,ATL,CLT,2255,1.00,0.00,0,2200-2259,10.00,2306,2351,9.00,2354,2400,6.00,0.00,0,2300-2359,0.00,0.00,59.00,64.00,45.00,1.00,227.00,1,,,,,,DD,59151,2256,981,2658,1289,0,0,2008-01-03,0,0,1,DD,,,,,,3,3,3,18,19,1,7,2351,2306,2255,2354,2400,2256,,,,,,2351,2306,2255,2256
2008-01-03,YV,CLT,IAH,2210,0.00,0.00,0,2200-2259,25.00,2235,2355,5.00,2359,2400,1.00,0.00,0,2300-2359,0.00,0.00,169.00,170.00,140.00,1.00,913.00,4,,,,,,OT,60387,2210,3836,1289,2359,0,0,2008-01-03,0,0,4,OT,,,,,,3,3,3,18,19,4,6,2355,2235,2210,2359,2400,2210,,,,,,2355,2235,2210,2210
2008-01-03,YV,CLT,ILM,2220,53.00,1.00,3,2200-2259,12.00,2325,2356,4.00,2319,2400,41.00,1.00,2,2300-2359,0.00,0.00,59.00,47.00,31.00,1.00,185.00,1,41.00,0.00,0.00,0.00,0.00,DD,60391,2313,3836,1289,7484,2,3,2008-01-03,3,2,1,DD,41.00,0.00,0.00,0.00,0.00,3,6,5,18,19,1,7,2356,2325,2220,2319,2400,2313,41,0,0,0,0,2356,2325,2220,2313
2008-01-03,YV,PHX,ELP,2250,0.00,0.00,0,2200-2259,16.00,2306,2353,7.00,0003,2400,-3.00,0.00,-1,0001-0559,0.00,0.00,73.00,70.00,47.00,1.00,347.00,2,,,,,,OT,60858,2250,3836,5288,1943,-1,0,2008-01-03,0,-1,2,OT,,,,,,3,3,2,18,1,2,6,2353,2306,2250,3,2400,2250,,,,,,2353,2306,2250,2250
2008-01-04,F9,DEN,PDX,2140,40.00,1.00,2,2100-2159,10.00,2230,2357,3.00,2325,2400,35.00,1.00,2,2300-2359,0.00,0.00,165.00,160.00,147.00,1.00,991.00,4,28.00,0.00,0.00,0.00,7.00,DD,63053,2220,2719,1701,5432,2,2,2008-01-04,2,2,4,DD,28.00,0.00,0.00,0.00,7.00,4,5,5,17,19,4,7,2357,2230,2140,2325,2400,2220,28,0,0,0,7,2357,2230,2140,2220
2008-01-04,9E,DTW,ABE,2122,81.00,1.00,5,2100-2159,12.00,2255,2353,7.00,2259,2400,61.00,1.00,4,2200-2259,0.00,0.00,97.00,77.00,58.00,1.00,424.00,2,61.00,0.00,0.00,0.00,0.00,DD,64526,2243,4400,1716,3811,4,5,2008-01-04,5,4,2,DD,61.00,0.00,0.00,0.00,0.00,4,8,7,17,18,2,7,2353,2255,2122,2259,2400,2243,61,0,0,0,0,2353,2255,2122,2243
2008-01-04,AA,DFW,RDU,2025,6.00,0.00,0,2000-2059,18.00,2049,2357,3.00,2350,2400,10.00,0.00,0,2300-2359,0.00,0.00,145.00,149.00,128.00,1.00,1062.00,5,,,,,,DD,74989,2031,1125,1615,5656,0,0,2008-01-04,0,0,5,DD,,,,,,4,3,3,16,19,5,7,2357,2049,2025,2350,2400,2031,,,,,,2357,2049,2025,2031
2008-01-04,NW,DTW,TPA,2121,9.00,0.00,0,2100-2159,22.00,2152,2355,5.00,2359,2400,1.00,0.00,0,2300-2359,0.00,0.00,158.00,150.00,123.00,1.00,983.00,4,,,,,,DD,76380,2130,4130,1716,6719,0,0,2008-01-04,0,0,4,DD,,,,,,4,3,3,17,19,4,7,2355,2152,2121,2359,2400,2130,,,,,,2355,2152,2121,2130
2008-01-04,WN,LAS,MDW,1815,29.00,1.00,1,1800-1859,13.00,1857,2354,6.00,2335,2400,25.00,1.00,1,2300-2359,0.00,0.00,200.00,196.00,177.00,1.00,1521.00,7,7.00,0.00,0.00,0.00,18.00,DD,79649,1844,5214,4310,1342,1,1,2008-01-04,1,1,7,DD,7.00,0.00,0.00,0.00,18.00,4,4,4,14,19,7,7,2354,1857,1815,2335,2400,1844,7,0,0,0,18,2354,1857,1815,1844
2008-01-04,WN,LAS,OMA,1920,20.00,1.00,1,1900-1959,12.00,1952,2358,2.00,2355,2400,5.00,0.00,0,2300-2359,0.00,0.00,155.00,140.00,126.00,1.00,1099.00,5,,,,,,DD,79671,1940,5214,4310,2010,0,1,2008-01-04,1,0,5,DD,,,,,,4,4,3,15,19,5,7,2358,1952,1920,2355,2400,1940,,,,,,2358,1952,1920,1940
2008-01-04,UA,SFO,LAS,1939,176.00,1.00,11,1900-1959,20.00,2255,2353,7.00,2111,2400,169.00,1.00,11,2100-2159,0.00,0.00,92.00,85.00,58.00,1.00,414.00,2,0.00,0.00,0.00,0.00,169.00,DD,80382,2235,5798,5992,4310,11,11,2008-01-04,11,11,2,DD,0.00,0.00,0.00,0.00,169.00,4,14,14,15,17,2,7,2353,2255,1939,2111,2400,2235,0,0,0,0,169,2353,2255,1939,2235
2008-01-04,NW,MSP,DTW,2115,9.00,0.00,0,2100-2159,18.00,2142,2355,5.00,2353,2400,7.00,0.00,0,2300-2359,0.00,0.00,98.00,96.00,73.00,1.00,528.00,3,,,,,,DD,80536,2124,4130,4435,1716,0,0,2008-01-04,0,0,3,DD,,,,,,4,3,3,17,19,3,7,2355,2142,2115,2353,2400,2124,,,,,,2355,2142,2115,2124
2008-01-05,US,PHX,SFO,2254,-3.00,0.00,-1,2200-2259,13.00,2304,2352,8.00,2359,2400,1.00,0.00,0,2300-2359,0.00,0.00,125.00,129.00,108.00,1.00,651.00,3,,,,,,OT,85427,2251,5840,5288,5992,0,-1,2008-01-05,-1,0,3,OT,,,,,,5,2,3,18,19,3,6,2352,2304,2254,2359,2400,2251,,,,,,2352,2304,2254,2251
2008-01-05,OH,ATL,GSO,2244,0.00,0.00,0,2200-2259,33.00,2317,2359,1.00,2356,2400,4.00,0.00,0,2300-2359,0.00,0.00,72.00,76.00,42.00,1.00,306.00,2,,,,,,OT,88051,2244,1987,2658,5304,0,0,2008-01-05,0,0,2,OT,,,,,,5,3,3,18,19,2,6,2359,2317,2244,2356,2400,2244,,,,,,2359,2317,2244,2244
2008-01-05,US,CLT,MCO,1955,142.00,1.00,9,1900-1959,25.00,2242,2355,5.00,2131,2400,149.00,1.00,9,2100-2159,0.00,0.00,96.00,103.00,73.00,1.00,468.00,2,142.00,0.00,7.00,0.00,0.00,DD,88383,2217,5840,1289,5055,9,9,2008-01-05,9,9,2,DD,142.00,0.00,7.00,0.00,0.00,5,12,12,15,17,2,7,2355,2242,1955,2131,2400,2217,142,0,7,0,0,2355,2242,1955,2217
2008-01-05,B6,MCO,JFK,2150,-2.00,0.00,-1,2100-2159,13.00,2201,2356,4.00,0030,2400,-30.00,0.00,-2,0001-0559,0.00,0.00,160.00,132.00,115.00,1.00,944.00,4,,,,,,OT,89348,2148,3343,5055,3102,-2,-1,2008-01-05,-1,-2,4,OT,,,,,,5,2,1,17,1,4,6,2356,2201,2150,30,2400,2148,,,,,,2356,2201,2150,2148
2008-01-05,XE,SMF,COS,1940,72.00,1.00,4,1900-1959,14.00,2106,2355,5.00,2257,2400,63.00,1.00,4,2200-2259,0.00,0.00,137.00,128.00,109.00,1.00,911.00,4,45.00,0.00,0.00,0.00,18.00,DD,90368,2052,2516,5904,1406,4,4,2008-01-05,4,4,4,DD,45.00,0.00,0.00,0.00,18.00,5,7,7,15,18,4,7,2355,2106,1940,2257,2400,2052,45,0,0,0,18,2355,2106,1940,2052
2008-01-05,NW,MSP,FSD,2255,14.00,0.00,0,2200-2259,11.00,2320,2355,5.00,2352,2400,8.00,0.00,0,2300-2359,0.00,0.00,57.00,51.00,35.00,1.00,197.00,1,,,,,,DD,90589,2309,4130,4435,3095,0,0,2008-01-05,0,0,1,DD,,,,,,5,3,3,18,19,1,7,2355,2320,2255,2352,2400,2309,,,,,,2355,2320,2255,2309
2008-01-05,DL,JFK,MCO,2115,-8.00,0.00,-1,2100-2159,26.00,2133,2356,4.00,0031,2400,-31.00,0.00,-2,0001-0559,0.00,0.00,196.00,173.00,143.00,1.00,944.00,4,,,,,,OT,91285,2107,2182,3102,5055,-2,-1,2008-01-05,-1,-2,4,OT,,,,,,5,2,1,17,1,4,6,2356,2133,2115,31,2400,2107,,,,,,2356,2133,2115,2107
2008-01-05,AQ,OGG,SMF,1630,48.00,1.00,3,1600-1659,6.00,1724,2355,5.00,2331,2400,29.00,1.00,1,2300-2359,0.00,0.00,301.00,282.00,271.00,1.00,2404.00,10,29.00,0.00,0.00,0.00,0.00,DD,93547,1718,1092,3187,5904,1,3,2008-01-05,3,1,10,DD,29.00,0.00,0.00,0.00,0.00,5,6,4,12,19,10,7,2355,1724,1630,2331,2400,1718,29,0,0,0,0,2355,1724,1630,1718
2008-01-05,WN,LAX,SFO,1805,271.00,1.00,12,1800-1859,7.00,2243,2354,6.00,1930,2400,270.00,1.00,12,1900-1959,0.00,0.00,85.00,84.00,71.00,1.00,337.00,2,105.00,0.00,0.00,0.00,165.00,DD,94705,2236,5214,3978,5992,12,12,2008-01-05,12,12,2,DD,105.00,0.00,0.00,0.00,165.00,5,15,15,14,15,2,7,2354,2243,1805,1930,2400,2236,105,0,0,0,165,2354,2243,1805,2236
2008-01-05,YV,ORD,ORF,1930,105.00,1.00,7,1900-1959,21.00,2136,2350,10.00,2233,2400,87.00,1.00,5,2200-2259,0.00,0.00,123.00,105.00,74.00,1.00,717.00,3,0.00,0.00,0.00,0.00,87.00,DD,97986,2115,3836,1343,4864,5,7,2008-01-05,7,5,3,DD,0.00,0.00,0.00,0.00,87.00,5,10,8,15,18,3,7,2350,2136,1930,2233,2400,2115,0,0,0,0,87,2350,2136,1930,2115
2008-01-05,YV,PHX,ELP,2250,0.00,0.00,0,2200-2259,15.00,2305,2353,7.00,0003,2400,-3.00,0.00,-1,0001-0559,0.00,0.00,73.00,70.00,48.00,1.00,347.00,2,,,,,,OT,98026,2250,3836,5288,1943,-1,0,2008-01-05,0,-1,2,OT,,,,,,5,3,2,18,1,2,6,2353,2305,2250,3,2400,2250,,,,,,2353,2305,2250,2250
2008-01-06,9E,DTW,HPN,2109,82.00,1.00,5,2100-2159,11.00,2242,2352,8.00,2259,2400,61.00,1.00,4,2200-2259,0.00,0.00,110.00,89.00,70.00,1.00,505.00,3,0.00,0.00,0.00,0.00,61.00,DD,101747,2231,4400,1716,7418,4,5,2008-01-06,5,4,3,DD,0.00,0.00,0.00,0.00,61.00,6,8,7,17,18,3,7,2352,2242,2109,2259,2400,2231,0,0,0,0,61,2352,2242,2109,2231
2008-01-06,WN,OAK,SEA,2055,58.00,1.00,3,2000-2059,19.00,2212,2356,4.00,2255,2400,65.00,1.00,4,2200-2259,0.00,0.00,120.00,127.00,104.00,1.00,671.00,3,21.00,0.00,7.00,0.00,37.00,DD,103609,2153,5214,4382,6151,4,3,2008-01-06,3,4,3,DD,21.00,0.00,7.00,0.00,37.00,6,6,7,16,18,3,7,2356,2212,2055,2255,2400,2153,21,0,7,0,37,2356,2212,2055,2153
2008-01-06,WN,SAN,SJC,2105,67.00,1.00,4,2100-2159,28.00,2240,2354,6.00,2225,2400,95.00,1.00,6,2200-2259,0.00,0.00,80.00,108.00,74.00,1.00,418.00,2,0.00,36.00,28.00,0.00,31.00,DD,104239,2212,5214,5986,4870,6,4,2008-01-06,4,6,2,DD,0.00,36.00,28.00,0.00,31.00,6,7,9,17,18,2,7,2354,2240,2105,2225,2400,2212,0,36,28,0,31,2354,2240,2105,2212
2008-01-06,UA,PDX,LAX,1839,165.00,1.00,11,1800-1859,11.00,2135,2335,25.00,2057,2400,183.00,1.00,12,2000-2059,0.00,0.00,138.00,156.00,120.00,1.00,834.00,4,0.00,0.00,18.00,0.00,165.00,DD,104916,2124,5798,5432,3978,12,11,2008-01-06,11,12,4,DD,0.00,0.00,18.00,0.00,165.00,6,14,15,14,16,4,7,2335,2135,1839,2057,2400,2124,0,0,18,0,165,2335,2135,1839,2124
2008-01-06,US,LAX,LAS,2110,15.00,1.00,1,2100-2159,64.00,2229,2318,42.00,2218,2400,102.00,1.00,6,2200-2259,0.00,0.00,68.00,155.00,49.00,1.00,236.00,1,0.00,0.00,87.00,0.00,15.00,DD,106471,2125,5840,3978,4310,6,1,2008-01-06,1,6,1,DD,0.00,0.00,87.00,0.00,15.00,6,4,9,17,18,1,7,2318,2229,2110,2218,2400,2125,0,0,87,0,15,2318,2229,2110,2125
2008-01-06,US,PHX,SFO,2254,0.00,0.00,0,2200-2259,18.00,2312,2353,7.00,2355,2400,5.00,0.00,0,2300-2359,0.00,0.00,121.00,126.00,101.00,1.00,651.00,3,,,,,,OT,106904,2254,5840,5288,5992,0,0,2008-01-06,0,0,3,OT,,,,,,6,3,3,18,19,3,6,2353,2312,2254,2355,2400,2254,,,,,,2353,2312,2254,2254
2008-01-06,AA,LAS,DFW,1805,83.00,1.00,5,1800-1859,9.00,1937,2341,19.00,2235,2400,85.00,1.00,5,2200-2259,0.00,0.00,150.00,152.00,124.00,1.00,1055.00,5,0.00,0.00,5.00,0.00,80.00,DD,108902,1928,1125,4310,1615,5,5,2008-01-06,5,5,5,DD,0.00,0.00,5.00,0.00,80.00,6,8,8,14,18,5,7,2341,1937,1805,2235,2400,1928,0,0,5,0,80,2341,1937,1805,1928
2008-01-06,OH,ATL,GSO,2244,0.00,0.00,0,2200-2259,26.00,2310,2356,4.00,2356,2400,4.00,0.00,0,2300-2359,0.00,0.00,72.00,76.00,46.00,1.00,306.00,2,,,,,,OT,113927,2244,1987,2658,5304,0,0,2008-01-06,0,0,2,OT,,,,,,6,3,3,18,19,2,6,2356,2310,2244,2356,2400,2244,,,,,,2356,2310,2244,2244
2008-01-06,EV,ATL,SYR,2130,25.00,1.00,1,2100-2159,19.00,2214,2355,5.00,2340,2400,20.00,1.00,1,2300-2359,0.00,0.00,130.00,125.00,101.00,1.00,793.00,4,20.00,0.00,0.00,0.00,0.00,DD,119340,2155,1287,2658,6658,1,1,2008-01-06,1,1,4,DD,20.00,0.00,0.00,0.00,0.00,6,4,4,17,19,4,7,2355,2214,2130,2340,2400,2155,20,0,0,0,0,2355,2214,2130,2155
2008-01-07,WN,LAS,STL,1855,-2.00,0.00,-1,1800-1859,10.00,1903,2355,5.00,2355,2400,5.00,0.00,0,2300-2359,0.00,0.00,180.00,187.00,172.00,1.00,1372.00,6,,,,,,OT,127332,1853,5214,4310,6499,0,-1,2008-01-07,-1,0,6,OT,,,,,,7,2,3,14,19,6,6,2355,1903,1855,2355,2400,1853,,,,,,2355,1903,1855,1853
2008-01-07,WN,PVD,MDW,1925,151.00,1.00,10,1900-1959,6.00,2202,2354,6.00,2105,2400,175.00,1.00,11,2100-2159,0.00,0.00,160.00,184.00,172.00,1.00,842.00,4,0.00,0.00,149.00,0.00,26.00,DD,128598,2156,5214,6846,1342,11,10,2008-01-07,10,11,4,DD,0.00,0.00,149.00,0.00,26.00,7,13,14,15,17,4,7,2354,2202,1925,2105,2400,2156,0,0,149,0,26,2354,2202,1925,2156
2008-01-07,XE,LAX,SFO,2130,68.00,1.00,4,2100-2159,18.00,2256,2353,7.00,2258,2400,62.00,1.00,4,2200-2259,0.00,0.00,88.00,82.00,57.00,1.00,337.00,2,6.00,0.00,0.00,0.00,56.00,DD,129258,2238,2516,3978,5992,4,4,2008-01-07,4,4,2,DD,6.00,0.00,0.00,0.00,56.00,7,7,7,17,18,2,7,2353,2256,2130,2258,2400,2238,6,0,0,0,56,2353,2256,2130,2238
2008-01-07,AA,ORD,MIA,1745,133.00,1.00,8,1700-1759,20.00,2018,2354,6.00,2145,2400,135.00,1.00,9,2100-2159,0.00,0.00,180.00,182.00,156.00,1.00,1197.00,5,0.00,0.00,2.00,0.00,133.00,DD,130816,1958,1125,1343,4388,9,8,2008-01-07,8,9,5,DD,0.00,0.00,2.00,0.00,133.00,7,11,12,13,17,5,7,2354,2018,1745,2145,2400,1958,0,0,2,0,133,2354,2018,1745,1958
2008-01-07,OO,ORD,CRW,1930,83.00,1.00,5,1900-1959,18.00,2111,2356,4.00,2157,2400,123.00,1.00,8,2100-2159,0.00,0.00,87.00,127.00,105.00,1.00,416.00,2,0.00,0.00,0.00,0.00,123.00,DD,133253,2053,5116,1343,7588,8,5,2008-01-07,5,8,2,DD,0.00,0.00,0.00,0.00,123.00,7,8,11,15,17,2,7,2356,2111,1930,2157,2400,2053,0,0,0,0,123,2356,2111,1930,2053
2008-01-07,OO,SFO,EUG,2225,-2.00,0.00,-1,2200-2259,14.00,2237,2356,4.00,2358,2400,2.00,0.00,0,2300-2359,0.00,0.00,93.00,97.00,79.00,1.00,451.00,2,,,,,,OT,133395,2223,5116,5992,4073,0,-1,2008-01-07,-1,0,2,OT,,,,,,7,2,3,18,19,2,6,2356,2237,2225,2358,2400,2223,,,,,,2356,2237,2225,2223
2008-01-07,MQ,MIA,IND,2110,5.00,0.00,0,2100-2159,14.00,2129,2351,9.00,0005,2400,-5.00,0.00,-1,0001-0559,0.00,0.00,175.00,165.00,142.00,1.00,1021.00,5,,,,,,OT,136650,2115,1127,4388,2918,-1,0,2008-01-07,0,-1,5,OT,,,,,,7,3,2,17,1,5,6,2351,2129,2110,5,2400,2115,,,,,,2351,2129,2110,2115
2008-01-07,OO,ORD,SAT,2010,26.00,1.00,1,2000-2059,21.00,2057,2355,5.00,2311,2400,49.00,1.00,3,2300-2359,0.00,0.00,181.00,204.00,178.00,1.00,1041.00,5,0.00,0.00,0.00,0.00,49.00,DD,138985,2036,5116,1343,5977,3,1,2008-01-07,1,3,5,DD,0.00,0.00,0.00,0.00,49.00,7,4,6,16,19,5,7,2355,2057,2010,2311,2400,2036,0,0,0,0,49,2355,2057,2010,2036
2008-01-07,YV,CLT,CLE,2210,14.00,0.00,0,2200-2259,24.00,2248,2352,8.00,2349,2400,11.00,0.00,0,2300-2359,0.00,0.00,99.00,96.00,64.00,1.00,430.00,2,,,,,,DD,139376,2224,3836,1289,1425,0,0,2008-01-07,0,0,2,DD,,,,,,7,3,3,18,19,2,7,2352,2248,2210,2349,2400,2224,,,,,,2352,2248,2210,2224
2008-01-07,YV,CLT,EWR,2210,2.00,0.00,0,2200-2259,16.00,2228,2353,7.00,0001,2400,-1.00,0.00,-1,0001-0559,0.00,0.00,111.00,108.00,85.00,1.00,529.00,3,,,,,,OT,139383,2212,3836,1289,4794,-1,0,2008-01-07,0,-1,3,OT,,,,,,7,3,2,18,1,3,6,2353,2228,2210,1,2400,2212,,,,,,2353,2228,2210,2212
2008-01-07,YV,SAT,ORD,1728,247.00,1.00,12,1700-1759,8.00,2143,2354,6.00,2010,2400,230.00,1.00,12,2000-2059,0.00,0.00,162.00,145.00,131.00,1.00,1041.00,5,230.00,0.00,0.00,0.00,0.00,DD,139939,2135,3836,5977,1343,12,12,2008-01-07,12,12,5,DD,230.00,0.00,0.00,0.00,0.00,7,15,15,13,16,5,7,2354,2143,1728,2010,2400,2135,230,0,0,0,0,2354,2143,1728,2135
2008-01-08,YV,PHX,EUG,2056,79.00,1.00,5,2000-2059,18.00,2233,2355,5.00,2234,2400,86.00,1.00,5,2200-2259,0.00,0.00,158.00,165.00,142.00,1.00,952.00,4,86.00,0.00,0.00,0.00,0.00,DD,141172,2215,3836,5288,4073,5,5,2008-01-08,5,5,4,DD,86.00,0.00,0.00,0.00,0.00,8,8,8,16,18,4,7,2355,2233,2056,2234,2400,2215,86,0,0,0,0,2355,2233,2056,2215
2008-01-08,OO,SFO,MOD,2045,161.00,1.00,10,2000-2059,12.00,2338,2358,2.00,2127,2400,153.00,1.00,10,2100-2159,0.00,0.00,42.00,34.00,20.00,1.00,78.00,1,153.00,0.00,0.00,0.00,0.00,DD,143676,2326,5116,5992,4472,10,10,2008-01-08,10,10,1,DD,153.00,0.00,0.00,0.00,0.00,8,13,13,16,17,1,7,2358,2338,2045,2127,2400,2326,153,0,0,0,0,2358,2338,2045,2326
2008-01-08,WN,PHX,ABQ,2155,67.00,1.00,4,2100-2159,8.00,2310,2354,6.00,2255,2400,65.00,1.00,4,2200-2259,0.00,0.00,60.00,58.00,44.00,1.00,328.00,2,64.00,0.00,0.00,0.00,1.00,DD,154741,2302,5214,5288,154,4,4,2008-01-08,4,4,2,DD,64.00,0.00,0.00,0.00,1.00,8,7,7,17,18,2,7,2354,2310,2155,2255,2400,2302,64,0,0,0,1,2354,2310,2155,2302
2008-01-08,OH,LGA,JAX,2100,0.00,0.00,0,2100-2159,41.00,2141,2350,10.00,2344,2400,16.00,1.00,1,2300-2359,0.00,0.00,164.00,180.00,129.00,1.00,834.00,4,0.00,0.00,16.00,0.00,0.00,DD,159885,2100,1987,3637,3013,1,0,2008-01-08,0,1,4,DD,0.00,0.00,16.00,0.00,0.00,8,3,4,17,19,4,7,2350,2141,2100,2344,2400,2100,0,0,16,0,0,2350,2141,2100,2100
2008-01-09,DL,ATL,LGA,2145,-5.00,0.00,-1,2100-2159,28.00,2208,2349,11.00,2359,2400,1.00,0.00,0,2300-2359,0.00,0.00,134.00,140.00,101.00,1.00,761.00,4,,,,,,OT,174634,2140,2182,2658,3637,0,-1,2008-01-09,-1,0,4,OT,,,,,,9,2,3,17,19,4,6,2349,2208,2145,2359,2400,2140,,,,,,2349,2208,2145,2140
2008-01-09,DL,SLC,ANC,2110,-5.00,0.00,-1,2100-2159,14.00,2119,2353,7.00,0014,2400,-14.00,0.00,-1,0001-0559,0.00,0.00,304.00,295.00,274.00,1.00,2125.00,9,,,,,,OT,175199,2105,2182,5954,6781,-1,-1,2008-01-09,-1,-1,9,OT,,,,,,9,2,2,17,1,9,6,2353,2119,2110,14,2400,2105,,,,,,2353,2119,2110,2105
2008-01-09,NW,DTW,FLL,2106,-4.00,0.00,-1,2100-2159,25.00,2127,2354,6.00,0001,2400,-1.00,0.00,-1,0001-0559,0.00,0.00,175.00,178.00,147.00,1.00,1127.00,5,,,,,,OT,178623,2102,4130,1716,2176,-1,-1,2008-01-09,-1,-1,5,OT,,,,,,9,2,2,17,1,5,6,2354,2127,2106,1,2400,2102,,,,,,2354,2127,2106,2102
2008-01-09,YV,CLT,CLE,2210,10.00,0.00,0,2200-2259,33.00,2253,2349,11.00,2349,2400,11.00,0.00,0,2300-2359,0.00,0.00,99.00,100.00,56.00,1.00,430.00,2,,,,,,DD,178802,2220,3836,1289,1425,0,0,2008-01-09,0,0,2,DD,,,,,,9,3,3,18,19,2,7,2349,2253,2210,2349,2400,2220,,,,,,2349,2253,2210,2220
2008-01-09,YV,IAD,CLT,2150,56.00,1.00,3,2100-2159,19.00,2305,2354,6.00,2312,2400,48.00,1.00,3,2300-2359,0.00,0.00,82.00,74.00,49.00,1.00,321.00,2,48.00,0.00,0.00,0.00,0.00,DD,179016,2246,3836,7364,1289,3,3,2008-01-09,3,3,2,DD,48.00,0.00,0.00,0.00,0.00,9,6,6,17,19,2,7,2354,2305,2150,2312,2400,2246,48,0,0,0,0,2354,2305,2150,2246
2008-01-10,YV,CLT,MDT,2220,0.00,0.00,0,2200-2259,38.00,2258,2355,5.00,2352,2400,8.00,0.00,0,2300-2359,0.00,0.00,92.00,100.00,57.00,1.00,413.00,2,,,,,,DD,180206,2220,3836,1289,2652,0,0,2008-01-10,0,0,2,DD,,,,,,10,3,3,18,19,2,7,2355,2258,2220,2352,2400,2220,,,,,,2355,2258,2220,2220
2008-01-10,US,PHL,PHX,2050,-6.00,0.00,-1,2000-2059,24.00,2108,2352,8.00,0029,2400,-29.00,0.00,-2,0001-0559,0.00,0.00,339.00,316.00,284.00,1.00,2075.00,9,,,,,,OT,180474,2044,5840,5279,5288,-2,-1,2008-01-10,-1,-2,9,OT,,,,,,10,2,1,16,1,9,6,2352,2108,2050,29,2400,2044,,,,,,2352,2108,2050,2044
2008-01-10,9E,DTW,CHS,2136,1.00,0.00,0,2100-2159,22.00,2159,2348,12.00,2350,2400,10.00,0.00,0,2300-2359,0.00,0.00,134.00,143.00,109.00,1.00,668.00,3,,,,,,DD,181308,2137,4400,1716,1280,0,0,2008-01-10,0,0,3,DD,,,,,,10,3,3,17,19,3,7,2348,2159,2136,2350,2400,2137,,,,,,2348,2159,2136,2137
2008-01-10,OH,ATL,CMH,2230,0.00,0.00,0,2200-2259,21.00,2251,2353,7.00,2355,2400,5.00,0.00,0,2300-2359,0.00,0.00,85.00,90.00,62.00,1.00,446.00,2,,,,,,OT,183148,2230,1987,2658,3103,0,0,2008-01-10,0,0,2,OT,,,,,,10,3,3,18,19,2,6,2353,2251,2230,2355,2400,2230,,,,,,2353,2251,2230,2230
2008-01-10,UA,IAD,ORD,2145,86.00,1.00,5,2100-2159,13.00,2324,2354,6.00,2254,2400,66.00,1.00,4,2200-2259,0.00,0.00,129.00,109.00,90.00,1.00,589.00,3,66.00,0.00,0.00,0.00,0.00,DD,187494,2311,5798,7364,1343,4,5,2008-01-10,5,4,3,DD,66.00,0.00,0.00,0.00,0.00,10,8,7,17,18,3,7,2354,2324,2145,2254,2400,2311,66,0,0,0,0,2354,2324,2145,2311
2008-01-10,OO,SMF,ACV,2105,109.00,1.00,7,2100-2159,9.00,2303,2354,6.00,2210,2400,110.00,1.00,7,2200-2259,0.00,0.00,65.00,66.00,51.00,1.00,207.00,1,0.00,0.00,0.00,0.00,110.00,DD,189843,2254,5116,5904,1071,7,7,2008-01-10,7,7,1,DD,0.00,0.00,0.00,0.00,110.00,10,10,10,17,18,1,7,2354,2303,2105,2210,2400,2254,0,0,0,0,110,2354,2303,2105,2254
2008-01-10,AA,SJU,BWI,2110,-1.00,0.00,-1,2100-2159,7.00,2116,2356,4.00,2355,2400,5.00,0.00,0,2300-2359,0.00,0.00,225.00,231.00,220.00,1.00,1565.00,7,,,,,,OT,191360,2109,1125,4008,528,0,-1,2008-01-10,-1,0,7,OT,,,,,,10,2,3,17,19,7,6,2356,2116,2110,2355,2400,2109,,,,,,2356,2116,2110,2109
2008-01-11,OH,ATL,CMH,2230,-10.00,0.00,-1,2200-2259,10.00,2230,2351,9.00,2355,2400,5.00,0.00,0,2300-2359,0.00,0.00,85.00,100.00,81.00,1.00,446.00,2,,,,,,OT,203590,2220,1987,2658,3103,0,-1,2008-01-11,-1,0,2,OT,,,,,,11,2,3,18,19,2,6,2351,2230,2230,2355,2400,2220,,,,,,2351,2230,2230,2220
2008-01-11,AA,ORD,RDU,2020,63.00,1.00,4,2000-2059,9.00,2132,2355,5.00,2310,2400,50.00,1.00,3,2300-2359,0.00,0.00,110.00,97.00,83.00,1.00,647.00,3,0.00,0.00,0.00,0.00,50.00,DD,207522,2123,1125,1343,5656,3,4,2008-01-11,4,3,3,DD,0.00,0.00,0.00,0.00,50.00,11,7,6,16,19,3,7,2355,2132,2020,2310,2400,2123,0,0,0,0,50,2355,2132,2020,2123
2008-01-11,WN,PHX,OMA,2015,19.00,1.00,1,2000-2059,8.00,2042,2357,3.00,2340,2400,20.00,1.00,1,2300-2359,0.00,0.00,145.00,146.00,135.00,1.00,1037.00,5,10.00,0.00,1.00,0.00,9.00,DD,211993,2034,5214,5288,2010,1,1,2008-01-11,1,1,5,DD,10.00,0.00,1.00,0.00,9.00,11,4,4,16,19,5,7,2357,2042,2015,2340,2400,2034,10,0,1,0,9,2357,2042,2015,2034
2008-01-11,9E,MSP,MLI,2225,-3.00,0.00,-1,2200-2259,48.00,2310,2354,6.00,2340,2400,20.00,1.00,1,2300-2359,0.00,0.00,75.00,98.00,44.00,1.00,274.00,2,0.00,0.00,20.00,0.00,0.00,DD,213131,2222,4400,4435,5559,1,-1,2008-01-11,-1,1,2,DD,0.00,0.00,20.00,0.00,0.00,11,2,4,18,19,2,7,2354,2310,2225,2340,2400,2222,0,0,20,0,0,2354,2310,2225,2222
2008-01-11,B6,JFK,ROC,2255,-2.00,0.00,-1,2200-2259,13.00,2306,2355,5.00,0018,2400,-18.00,0.00,-2,0001-0559,0.00,0.00,83.00,67.00,49.00,1.00,264.00,2,,,,,,OT,218151,2253,3343,3102,2502,-2,-1,2008-01-11,-1,-2,2,OT,,,,,,11,2,1,18,1,2,6,2355,2306,2255,18,2400,2253,,,,,,2355,2306,2255,2253
2008-01-11,B6,MCO,EWR,1920,150.00,1.00,10,1900-1959,9.00,2159,2356,4.00,2207,2400,113.00,1.00,7,2200-2259,0.00,0.00,167.00,130.00,117.00,1.00,938.00,4,13.00,0.00,0.00,0.00,100.00,DD,218237,2150,3343,5055,4794,7,10,2008-01-11,10,7,4,DD,13.00,0.00,0.00,0.00,100.00,11,13,10,15,18,4,7,2356,2159,1920,2207,2400,2150,13,0,0,0,100,2356,2159,1920,2150
2008-01-11,F9,DEN,DAY,1930,6.00,0.00,0,1900-1959,12.00,1948,2355,5.00,2359,2400,1.00,0.00,0,2300-2359,0.00,0.00,149.00,144.00,127.00,1.00,1085.00,5,,,,,,DD,218486,1936,2719,1701,3029,0,0,2008-01-11,0,0,5,DD,,,,,,11,3,3,15,19,5,7,2355,1948,1930,2359,2400,1936,,,,,,2355,1948,1930,1936
2008-01-11,F9,DEN,BNA,2035,0.00,0.00,0,2000-2059,12.00,2047,2353,7.00,2359,2400,1.00,0.00,0,2300-2359,0.00,0.00,144.00,145.00,126.00,1.00,1013.00,5,,,,,,OT,218533,2035,2719,1701,4735,0,0,2008-01-11,0,0,5,OT,,,,,,11,3,3,16,19,5,6,2353,2047,2035,2359,2400,2035,,,,,,2353,2047,2035,2035
2008-01-11,NW,MSP,BDL,1850,47.00,1.00,3,1800-1859,67.00,2044,2351,9.00,2220,2400,100.00,1.00,6,2200-2259,0.00,0.00,150.00,203.00,127.00,1.00,1050.00,5,43.00,0.00,53.00,0.00,4.00,DD,218835,1937,4130,4435,891,6,3,2008-01-11,3,6,5,DD,43.00,0.00,53.00,0.00,4.00,11,6,9,14,18,5,7,2351,2044,1850,2220,2400,1937,43,0,53,0,4,2351,2044,1850,1937
2008-01-12,DL,LAS,JFK,1631,-8.00,0.00,-1,1600-1659,14.00,1637,2354,6.00,0039,2400,-39.00,0.00,-2,0001-0559,0.00,0.00,308.00,277.00,257.00,1.00,2248.00,9,,,,,,OT,228383,1623,2182,4310,3102,-2,-1,2008-01-12,-1,-2,9,OT,,,,,,12,2,1,12,1,9,6,2354,1637,1631,39,2400,1623,,,,,,2354,1637,1631,1623
2008-01-12,UA,SFO,LAS,2220,9.00,0.00,0,2200-2259,20.00,2249,2355,5.00,2349,2400,11.00,0.00,0,2300-2359,0.00,0.00,89.00,91.00,66.00,1.00,414.00,2,,,,,,DD,232076,2229,5798,5992,4310,0,0,2008-01-12,0,0,2,DD,,,,,,12,3,3,18,19,2,7,2355,2249,2220,2349,2400,2229,,,,,,2355,2249,2220,2229
2008-01-13,DL,ATL,PHX,2130,-1.00,0.00,-1,2100-2159,26.00,2155,2334,26.00,2352,2400,8.00,0.00,0,2300-2359,0.00,0.00,262.00,271.00,219.00,1.00,1587.00,7,,,,,,DD,239616,2129,2182,2658,5288,0,-1,2008-01-13,-1,0,7,DD,,,,,,13,2,3,17,19,7,7,2334,2155,2130,2352,2400,2129,,,,,,2334,2155,2130,2129
2008-01-13,UA,SFO,LAS,2220,-3.00,0.00,-1,2200-2259,11.00,2228,2333,27.00,2349,2400,11.00,0.00,0,2300-2359,0.00,0.00,89.00,103.00,65.00,1.00,414.00,2,,,,,,DD,242362,2217,5798,5992,4310,0,-1,2008-01-13,-1,0,2,DD,,,,,,13,2,3,18,19,2,7,2333,2228,2220,2349,2400,2217,,,,,,2333,2228,2220,2217
2008-01-13,B6,JFK,ROC,2255,-3.00,0.00,-1,2200-2259,19.00,2311,2358,2.00,0018,2400,-18.00,0.00,-2,0001-0559,0.00,0.00,83.00,68.00,47.00,1.00,264.00,2,,,,,,OT,248299,2252,3343,3102,2502,-2,-1,2008-01-13,-1,-2,2,OT,,,,,,13,2,1,18,1,2,6,2358,2311,2255,18,2400,2252,,,,,,2358,2311,2255,2252
2008-01-13,WN,PHX,BWI,1740,19.00,1.00,1,1700-1759,12.00,1811,2356,4.00,2345,2400,15.00,1.00,1,2300-2359,0.00,0.00,245.00,241.00,225.00,1.00,1999.00,8,6.00,0.00,0.00,0.00,9.00,DD,250337,1759,5214,5288,528,1,1,2008-01-13,1,1,8,DD,6.00,0.00,0.00,0.00,9.00,13,4,4,13,19,8,7,2356,1811,1740,2345,2400,1759,6,0,0,0,9,2356,1811,1740,1759
2008-01-14,NW,DTW,BOS,2114,0.00,0.00,0,2100-2159,77.00,2231,2355,5.00,2258,2400,62.00,1.00,4,2200-2259,0.00,0.00,104.00,166.00,84.00,1.00,632.00,3,0.00,0.00,62.00,0.00,0.00,DD,260074,2114,4130,1716,2321,4,0,2008-01-14,0,4,3,DD,0.00,0.00,62.00,0.00,0.00,14,3,7,17,18,3,7,2355,2231,2114,2258,2400,2114,0,0,62,0,0,2355,2231,2114,2114
2008-01-14,WN,BNA,BWI,2140,-3.00,0.00,-1,2100-2159,9.00,2146,2357,3.00,0010,2400,-10.00,0.00,-1,0001-0559,0.00,0.00,90.00,83.00,71.00,1.00,588.00,3,,,,,,OT,261420,2137,5214,4735,528,-1,-1,2008-01-14,-1,-1,3,OT,,,,,,14,2,2,17,1,3,6,2357,2146,2140,10,2400,2137,,,,,,2357,2146,2140,2137
2008-01-14,OO,SFO,ACV,2235,-5.00,0.00,-1,2200-2259,23.00,2253,2354,6.00,2354,2400,6.00,0.00,0,2300-2359,0.00,0.00,79.00,90.00,61.00,1.00,250.00,2,,,,,,DD,262282,2230,5116,5992,1071,0,-1,2008-01-14,-1,0,2,DD,,,,,,14,2,3,18,19,2,7,2354,2253,2235,2354,2400,2230,,,,,,2354,2253,2235,2230
2008-01-14,EV,ATL,BUF,2135,26.00,1.00,1,2100-2159,19.00,2220,2353,7.00,2338,2400,22.00,1.00,1,2300-2359,0.00,0.00,123.00,119.00,93.00,1.00,712.00,3,22.00,0.00,0.00,0.00,0.00,DD,266784,2201,1287,2658,980,1,1,2008-01-14,1,1,3,DD,22.00,0.00,0.00,0.00,0.00,14,4,4,17,19,3,7,2353,2220,2135,2338,2400,2201,22,0,0,0,0,2353,2220,2135,2201
2008-01-14,MQ,MIA,CLT,2130,26.00,1.00,1,2100-2159,18.00,2214,2353,7.00,2335,2400,25.00,1.00,1,2300-2359,0.00,0.00,125.00,124.00,99.00,1.00,650.00,3,25.00,0.00,0.00,0.00,0.00,DD,267072,2156,1127,4388,1289,1,1,2008-01-14,1,1,3,DD,25.00,0.00,0.00,0.00,0.00,14,4,4,17,19,3,7,2353,2214,2130,2335,2400,2156,25,0,0,0,0,2353,2214,2130,2156
2008-01-14,B6,FLL,SWF,2050,20.00,1.00,1,2000-2059,23.00,2133,2355,5.00,2350,2400,10.00,0.00,0,2300-2359,0.00,0.00,180.00,170.00,142.00,1.00,1119.00,5,,,,,,DD,269222,2110,3343,2176,6551,0,1,2008-01-14,1,0,5,DD,,,,,,14,4,3,16,19,5,7,2355,2133,2050,2350,2400,2110,,,,,,2355,2133,2050,2110
2008-01-14,NW,MSP,MOT,2225,-9.00,0.00,-1,2200-2259,25.00,2241,2353,7.00,2357,2400,3.00,0.00,0,2300-2359,0.00,0.00,92.00,104.00,72.00,1.00,449.00,2,,,,,,OT,270726,2216,4130,4435,4437,0,-1,2008-01-14,-1,0,2,OT,,,,,,14,2,3,18,19,2,6,2353,2241,2225,2357,2400,2216,,,,,,2353,2241,2225,2216
2008-01-14,US,LAS,PHL,1615,2.00,0.00,0,1600-1659,24.00,1641,2358,2.00,2359,2400,1.00,0.00,0,2300-2359,0.00,0.00,284.00,283.00,257.00,1.00,2176.00,9,,,,,,OT,274403,1617,5840,4310,5279,0,0,2008-01-14,0,0,9,OT,,,,,,14,3,3,12,19,9,6,2358,1641,1615,2359,2400,1617,,,,,,2358,1641,1615,1617
2008-01-15,AA,MIA,JFK,2110,0.00,0.00,0,2100-2159,35.00,2145,2356,4.00,2359,2400,1.00,0.00,0,2300-2359,0.00,0.00,169.00,170.00,131.00,1.00,1090.00,5,,,,,,OT,276553,2110,1125,4388,3102,0,0,2008-01-15,0,0,5,OT,,,,,,15,3,3,17,19,5,6,2356,2145,2110,2359,2400,2110,,,,,,2356,2145,2110,2110
2008-01-15,OO,ORD,SAT,2010,59.00,1.00,3,2000-2059,18.00,2127,2357,3.00,2311,2400,49.00,1.00,3,2300-2359,0.00,0.00,181.00,171.00,150.00,1.00,1041.00,5,49.00,0.00,0.00,0.00,0.00,DD,283473,2109,5116,1343,5977,3,3,2008-01-15,3,3,5,DD,49.00,0.00,0.00,0.00,0.00,15,6,6,16,19,5,7,2357,2127,2010,2311,2400,2109,49,0,0,0,0,2357,2127,2010,2109
2008-01-15,US,CLT,DFW,2215,-4.00,0.00,-1,2200-2259,14.00,2225,2356,4.00,0016,2400,-16.00,0.00,-2,0001-0559,0.00,0.00,181.00,169.00,151.00,1.00,936.00,4,,,,,,OT,284663,2211,5840,1289,1615,-2,-1,2008-01-15,-1,-2,4,OT,,,,,,15,2,1,18,1,4,6,2356,2225,2215,16,2400,2211,,,,,,2356,2225,2215,2211
2008-01-15,US,CLT,DTW,2205,14.00,0.00,0,2200-2259,15.00,2234,2353,7.00,2353,2400,7.00,0.00,0,2300-2359,0.00,0.00,108.00,101.00,79.00,1.00,500.00,3,,,,,,DD,284665,2219,5840,1289,1716,0,0,2008-01-15,0,0,3,DD,,,,,,15,3,3,18,19,3,7,2353,2234,2205,2353,2400,2219,,,,,,2353,2234,2205,2219
2008-01-15,WN,LAS,OMA,1935,1.00,0.00,0,1900-1959,12.00,1948,2357,3.00,0010,2400,-10.00,0.00,-1,0001-0559,0.00,0.00,155.00,144.00,129.00,1.00,1099.00,5,,,,,,OT,291375,1936,5214,4310,2010,-1,0,2008-01-15,0,-1,5,OT,,,,,,15,3,2,15,1,5,6,2357,1948,1935,10,2400,1936,,,,,,2357,1948,1935,1936
2008-01-15,WN,LAX,MCI,1905,-2.00,0.00,-1,1900-1959,6.00,1909,2356,4.00,0015,2400,-15.00,0.00,-1,0001-0559,0.00,0.00,190.00,177.00,167.00,1.00,1363.00,6,,,,,,OT,291532,1903,5214,3978,3250,-1,-1,2008-01-15,-1,-1,6,OT,,,,,,15,2,2,15,1,6,6,2356,1909,1905,15,2400,1903,,,,,,2356,1909,1905,1903
2008-01-15,WN,MDW,CMH,2210,-4.00,0.00,-1,2200-2259,8.00,2214,2354,6.00,0010,2400,-10.00,0.00,-1,0001-0559,0.00,0.00,60.00,54.00,40.00,1.00,284.00,2,,,,,,OT,291890,2206,5214,1342,3103,-1,-1,2008-01-15,-1,-1,2,OT,,,,,,15,2,2,18,1,2,6,2354,2214,2210,10,2400,2206,,,,,,2354,2214,2210,2206
2008-01-16,F9,DEN,BNA,2035,-8.00,0.00,-1,2000-2059,16.00,2043,2351,9.00,2359,2400,1.00,0.00,0,2300-2359,0.00,0.00,144.00,153.00,128.00,1.00,1013.00,5,,,,,,OT,297786,2027,2719,1701,4735,0,-1,2008-01-16,-1,0,5,OT,,,,,,16,2,3,16,19,5,6,2351,2043,2035,2359,2400,2027,,,,,,2351,2043,2035,2027
2008-01-16,MQ,ORD,CLT,2110,5.00,0.00,0,2100-2159,11.00,2126,2353,7.00,2359,2400,1.00,0.00,0,2300-2359,0.00,0.00,109.00,105.00,87.00,1.00,599.00,3,,,,,,OT,298063,2115,1127,1343,1289,0,0,2008-01-16,0,0,3,OT,,,,,,16,3,3,17,19,3,6,2353,2126,2110,2359,2400,2115,,,,,,2353,2126,2110,2115
2008-01-16,EV,ATL,TUL,1900,54.00,1.00,3,1900-1959,200.00,2314,2355,5.00,2011,2400,229.00,1.00,12,2000-2059,0.00,0.00,131.00,306.00,101.00,1.00,674.00,3,0.00,54.00,175.00,0.00,0.00,DD,299225,1954,1287,2658,7030,12,3,2008-01-16,3,12,3,DD,0.00,54.00,175.00,0.00,0.00,16,6,15,15,16,3,7,2355,2314,1900,2011,2400,1954,0,54,175,0,0,2355,2314,1900,1954
2008-01-16,US,CLT,DTW,2205,21.00,1.00,1,2200-2259,18.00,2244,2354,6.00,2353,2400,7.00,0.00,0,2300-2359,0.00,0.00,108.00,94.00,70.00,1.00,500.00,3,,,,,,DD,299666,2226,5840,1289,1716,0,1,2008-01-16,1,0,3,DD,,,,,,16,4,3,18,19,3,7,2354,2244,2205,2353,2400,2226,,,,,,2354,2244,2205,2226
2008-01-16,B6,JFK,ROC,2255,-14.00,0.00,-1,2200-2259,24.00,2305,2352,8.00,0018,2400,-18.00,0.00,-2,0001-0559,0.00,0.00,83.00,79.00,47.00,1.00,264.00,2,,,,,,OT,304867,2241,3343,3102,2502,-2,-1,2008-01-16,-1,-2,2,OT,,,,,,16,2,1,18,1,2,6,2352,2305,2255,18,2400,2241,,,,,,2352,2305,2255,2241
2008-01-16,WN,MDW,CMH,2210,-6.00,0.00,-1,2200-2259,8.00,2212,2357,3.00,0010,2400,-10.00,0.00,-1,0001-0559,0.00,0.00,60.00,56.00,45.00,1.00,284.00,2,,,,,,OT,308378,2204,5214,1342,3103,-1,-1,2008-01-16,-1,-1,2,OT,,,,,,16,2,2,18,1,2,6,2357,2212,2210,10,2400,2204,,,,,,2357,2212,2210,2204
2008-01-16,WN,PHX,BNA,1955,9.00,0.00,0,1900-1959,12.00,2016,2355,5.00,0005,2400,-5.00,0.00,-1,0001-0559,0.00,0.00,190.00,176.00,159.00,1.00,1448.00,6,,,,,,DD,309015,2004,5214,5288,4735,-1,0,2008-01-16,0,-1,6,DD,,,,,,16,3,2,15,1,6,7,2355,2016,1955,5,2400,2004,,,,,,2355,2016,1955,2004
2008-01-16,UA,DEN,IAD,1841,15.00,1.00,1,1800-1859,14.00,1910,2354,6.00,2348,2400,12.00,0.00,0,2300-2359,0.00,0.00,187.00,184.00,164.00,1.00,1452.00,6,,,,,,DD,312851,1856,5798,1701,7364,0,1,2008-01-16,1,0,6,DD,,,,,,16,4,3,14,19,6,7,2354,1910,1841,2348,2400,1856,,,,,,2354,1910,1841,1856
2008-01-17,WN,ISP,MCO,2105,16.00,1.00,1,2100-2159,7.00,2128,2354,6.00,2350,2400,10.00,0.00,0,2300-2359,0.00,0.00,165.00,159.00,146.00,1.00,972.00,4,,,,,,DD,325762,2121,5214,3958,5055,0,1,2008-01-17,1,0,4,DD,,,,,,17,4,3,17,19,4,7,2354,2128,2105,2350,2400,2121,,,,,,2354,2128,2105,2121
2008-01-17,WN,OAK,LAS,2120,73.00,1.00,4,2100-2159,12.00,2245,2353,7.00,2245,2400,75.00,1.00,5,2200-2259,0.00,0.00,85.00,87.00,68.00,1.00,407.00,2,0.00,0.00,6.00,0.00,69.00,DD,326724,2233,5214,4382,4310,5,4,2008-01-17,4,5,2,DD,0.00,0.00,6.00,0.00,69.00,17,7,8,17,18,2,7,2353,2245,2120,2245,2400,2233,0,0,6,0,69,2353,2245,2120,2233
2008-01-17,OO,IPL,YUM,2253,-20.00,0.00,-2,2200-2259,8.00,2241,2355,5.00,0024,2400,-24.00,0.00,-2,0001-0559,0.00,0.00,31.00,27.00,14.00,1.00,58.00,1,,,,,,OT,330461,2233,5116,2905,7630,-2,-2,2008-01-17,-2,-2,1,OT,,,,,,17,1,1,18,1,1,6,2355,2241,2253,24,2400,2233,,,,,,2355,2241,2253,2233
2008-01-17,OO,ORD,FWA,2120,35.00,1.00,2,2100-2159,29.00,2224,2353,7.00,2315,2400,45.00,1.00,3,2300-2359,0.00,0.00,55.00,65.00,29.00,1.00,157.00,1,0.00,0.00,0.00,0.00,45.00,DD,330689,2155,5116,1343,2190,3,2,2008-01-17,2,3,1,DD,0.00,0.00,0.00,0.00,45.00,17,5,6,17,19,1,7,2353,2224,2120,2315,2400,2155,0,0,0,0,45,2353,2224,2120,2155
2008-01-17,MQ,MIA,CVG,2055,36.00,1.00,2,2000-2059,13.00,2144,2355,5.00,2340,2400,20.00,1.00,1,2300-2359,0.00,0.00,165.00,149.00,131.00,1.00,948.00,4,20.00,0.00,0.00,0.00,0.00,DD,331721,2131,1127,4388,1403,1,2,2008-01-17,2,1,4,DD,20.00,0.00,0.00,0.00,0.00,17,5,4,16,19,4,7,2355,2144,2055,2340,2400,2131,20,0,0,0,0,2355,2144,2055,2131
2008-01-18,WN,MDW,SDF,2135,26.00,1.00,1,2100-2159,7.00,2208,2356,4.00,2340,2400,20.00,1.00,1,2300-2359,0.00,0.00,65.00,59.00,48.00,1.00,271.00,2,1.00,0.00,0.00,0.00,19.00,DD,336694,2201,5214,1342,3988,1,1,2008-01-18,1,1,2,DD,1.00,0.00,0.00,0.00,19.00,18,4,4,17,19,2,7,2356,2208,2135,2340,2400,2201,1,0,0,0,19,2356,2208,2135,2201
2008-01-18,WN,OAK,MDW,1815,4.00,0.00,0,1800-1859,9.00,1828,2357,3.00,0010,2400,-10.00,0.00,-1,0001-0559,0.00,0.00,235.00,221.00,209.00,1.00,1844.00,8,,,,,,OT,336866,1819,5214,4382,1342,-1,0,2008-01-18,0,-1,8,OT,,,,,,18,3,2,14,1,8,6,2357,1828,1815,10,2400,1819,,,,,,2357,1828,1815,1819
2008-01-18,HA,HNL,PHX,1505,-8.00,0.00,-1,1500-1559,15.00,1512,2356,4.00,2359,2400,1.00,0.00,0,2300-2359,0.00,0.00,354.00,363.00,344.00,1.00,2918.00,11,,,,,,OT,338266,1457,2967,1628,5288,0,-1,2008-01-18,-1,0,11,OT,,,,,,18,2,3,11,19,11,6,2356,1512,1505,2359,2400,1457,,,,,,2356,1512,1505,1457
2008-01-18,B6,JFK,SYR,2255,-1.00,0.00,-1,2200-2259,17.00,2311,2357,3.00,0009,2400,-9.00,0.00,-1,0001-0559,0.00,0.00,74.00,66.00,46.00,1.00,209.00,1,,,,,,OT,340040,2254,3343,3102,6658,-1,-1,2008-01-18,-1,-1,1,OT,,,,,,18,2,2,18,1,1,6,2357,2311,2255,9,2400,2254,,,,,,2357,2311,2255,2254
2008-01-18,MQ,MIA,IND,2110,-5.00,0.00,-1,2100-2159,14.00,2119,2349,11.00,0005,2400,-5.00,0.00,-1,0001-0559,0.00,0.00,175.00,175.00,150.00,1.00,1021.00,5,,,,,,OT,340426,2105,1127,4388,2918,-1,-1,2008-01-18,-1,-1,5,OT,,,,,,18,2,2,17,1,5,6,2349,2119,2110,5,2400,2105,,,,,,2349,2119,2110,2105
2008-01-18,US,PHX,MSP,1955,0.00,0.00,0,1900-1959,19.00,2014,2356,4.00,2359,2400,1.00,0.00,0,2300-2359,0.00,0.00,184.00,185.00,162.00,1.00,1276.00,6,,,,,,OT,341113,1955,5840,5288,4435,0,0,2008-01-18,0,0,6,OT,,,,,,18,3,3,15,19,6,6,2356,2014,1955,2359,2400,1955,,,,,,2356,2014,1955,1955
2008-01-18,DL,ATL,TPA,2241,-1.00,0.00,-1,2200-2259,14.00,2254,2356,4.00,0003,2400,-3.00,0.00,-1,0001-0559,0.00,0.00,82.00,80.00,62.00,1.00,406.00,2,,,,,,OT,341837,2240,2182,2658,6719,-1,-1,2008-01-18,-1,-1,2,OT,,,,,,18,2,2,18,1,2,6,2356,2254,2241,3,2400,2240,,,,,,2356,2254,2241,2240
2008-01-18,US,CLT,PVD,2159,18.00,1.00,1,2100-2159,19.00,2236,2355,5.00,2354,2400,6.00,0.00,0,2300-2359,0.00,0.00,115.00,103.00,79.00,1.00,683.00,3,,,,,,DD,343350,2217,5840,1289,6846,0,1,2008-01-18,1,0,3,DD,,,,,,18,4,3,17,19,3,7,2355,2236,2159,2354,2400,2217,,,,,,2355,2236,2159,2217
2008-01-18,MQ,MIA,CVG,2055,-3.00,0.00,-1,2000-2059,53.00,2145,2352,8.00,2340,2400,20.00,1.00,1,2300-2359,0.00,0.00,165.00,188.00,127.00,1.00,948.00,4,0.00,0.00,20.00,0.00,0.00,DD,343635,2052,1127,4388,1403,1,-1,2008-01-18,-1,1,4,DD,0.00,0.00,20.00,0.00,0.00,18,2,4,16,19,4,7,2352,2145,2055,2340,2400,2052,0,0,20,0,0,2352,2145,2055,2052
2008-01-18,AA,DFW,LAS,2250,26.00,1.00,1,2200-2259,11.00,2327,2352,8.00,2335,2400,25.00,1.00,1,2300-2359,0.00,0.00,165.00,164.00,145.00,1.00,1055.00,5,1.00,0.00,0.00,0.00,24.00,DD,346517,2316,1125,1615,4310,1,1,2008-01-18,1,1,5,DD,1.00,0.00,0.00,0.00,24.00,18,4,4,18,19,5,7,2352,2327,2250,2335,2400,2316,1,0,0,0,24,2352,2327,2250,2316
2008-01-18,AA,DFW,SAT,2240,9.00,0.00,0,2200-2259,10.00,2259,2354,6.00,2340,2400,20.00,1.00,1,2300-2359,0.00,0.00,60.00,71.00,55.00,1.00,247.00,1,8.00,0.00,11.00,0.00,1.00,DD,349931,2249,1125,1615,5977,1,0,2008-01-18,0,1,1,DD,8.00,0.00,11.00,0.00,1.00,18,3,4,18,19,1,7,2354,2259,2240,2340,2400,2249,8,0,11,0,1,2354,2259,2240,2249
2008-01-18,MQ,ORD,MDT,2005,86.00,1.00,5,2000-2059,12.00,2143,2353,7.00,2250,2400,70.00,1.00,4,2200-2259,0.00,0.00,105.00,89.00,70.00,1.00,594.00,3,0.00,0.00,23.00,0.00,47.00,DD,351089,2131,1127,1343,2652,4,5,2008-01-18,5,4,3,DD,0.00,0.00,23.00,0.00,47.00,18,8,7,16,18,3,7,2353,2143,2005,2250,2400,2131,0,0,23,0,47,2353,2143,2005,2131
2008-01-18,YV,IAD,CAE,2150,35.00,1.00,2,2100-2159,22.00,2247,2355,5.00,2317,2400,43.00,1.00,2,2300-2359,0.00,0.00,87.00,95.00,68.00,1.00,401.00,2,43.00,0.00,0.00,0.00,0.00,DD,352138,2225,3836,7364,1471,2,2,2008-01-18,2,2,2,DD,43.00,0.00,0.00,0.00,0.00,18,5,5,17,19,2,7,2355,2247,2150,2317,2400,2225,43,0,0,0,0,2355,2247,2150,2225
2008-01-18,AA,LAX,AUS,1905,1.00,0.00,0,1900-1959,15.00,1921,2355,5.00,2359,2400,1.00,0.00,0,2300-2359,0.00,0.00,174.00,174.00,154.00,1.00,1242.00,5,,,,,,OT,352570,1906,1125,3978,449,0,0,2008-01-18,0,0,5,OT,,,,,,18,3,3,15,19,5,6,2355,1921,1905,2359,2400,1906,,,,,,2355,1921,1905,1906
2008-01-18,OH,DCA,LEX,2200,13.00,0.00,0,2200-2259,20.00,2233,2355,5.00,2338,2400,22.00,1.00,1,2300-2359,0.00,0.00,98.00,107.00,82.00,1.00,414.00,2,13.00,0.00,9.00,0.00,0.00,DD,353130,2213,1987,5831,806,1,0,2008-01-18,0,1,2,DD,13.00,0.00,9.00,0.00,0.00,18,3,4,18,19,2,7,2355,2233,2200,2338,2400,2213,13,0,9,0,0,2355,2233,2200,2213
2008-01-19,OO,LAX,SMF,2234,-5.00,0.00,-1,2200-2259,27.00,2256,2354,6.00,2359,2400,1.00,0.00,0,2300-2359,0.00,0.00,85.00,91.00,58.00,1.00,373.00,2,,,,,,OT,356111,2229,5116,3978,5904,0,-1,2008-01-19,-1,0,2,OT,,,,,,19,2,3,18,19,2,6,2354,2256,2234,2359,2400,2229,,,,,,2354,2256,2234,2229
2008-01-19,US,LAS,JFK,1618,-3.00,0.00,-1,1600-1659,19.00,1634,2351,9.00,0022,2400,-22.00,0.00,-2,0001-0559,0.00,0.00,304.00,285.00,257.00,1.00,2248.00,9,,,,,,OT,356975,1615,5840,4310,3102,-2,-1,2008-01-19,-1,-2,9,OT,,,,,,19,2,1,12,1,9,6,2351,1634,1618,22,2400,1615,,,,,,2351,1634,1618,1615
2008-01-19,DL,ATL,DAY,2140,59.00,1.00,3,2100-2159,16.00,2255,2353,7.00,2314,2400,46.00,1.00,3,2300-2359,0.00,0.00,94.00,81.00,58.00,1.00,432.00,2,0.00,46.00,0.00,0.00,0.00,DD,359162,2239,2182,2658,3029,3,3,2008-01-19,3,3,2,DD,0.00,46.00,0.00,0.00,0.00,19,6,6,17,19,2,7,2353,2255,2140,2314,2400,2239,0,46,0,0,0,2353,2255,2140,2239
2008-01-19,DL,ATL,LIT,1930,114.00,1.00,7,1900-1959,130.00,2334,2354,6.00,2011,2400,229.00,1.00,12,2000-2059,0.00,0.00,101.00,216.00,80.00,1.00,453.00,2,0.00,114.00,115.00,0.00,0.00,DD,359171,2124,2182,2658,763,12,7,2008-01-19,7,12,2,DD,0.00,114.00,115.00,0.00,0.00,19,10,15,15,16,2,7,2354,2334,1930,2011,2400,2124,0,114,115,0,0,2354,2334,1930,2124
2008-01-19,AA,DFW,DCA,2045,-6.00,0.00,-1,2000-2059,15.00,2054,2356,4.00,0020,2400,-20.00,0.00,-2,0001-0559,0.00,0.00,155.00,141.00,122.00,1.00,1192.00,5,,,,,,OT,360424,2039,1125,1615,5831,-2,-1,2008-01-19,-1,-2,5,OT,,,,,,19,2,1,16,1,5,6,2356,2054,2045,20,2400,2039,,,,,,2356,2054,2045,2039
2008-01-19,FL,ATL,RDU,2125,90.00,1.00,6,2100-2159,11.00,2306,2354,6.00,2243,2400,77.00,1.00,5,2200-2259,0.00,0.00,78.00,65.00,48.00,1.00,356.00,2,0.00,0.00,0.00,0.00,77.00,DD,363355,2255,981,2658,5656,5,6,2008-01-19,6,5,2,DD,0.00,0.00,0.00,0.00,77.00,19,9,8,17,18,2,7,2354,2306,2125,2243,2400,2255,0,0,0,0,77,2354,2306,2125,2255
2008-01-20,WN,LAS,MHT,1615,7.00,0.00,0,1600-1659,19.00,1641,2357,3.00,0005,2400,-5.00,0.00,-1,0001-0559,0.00,0.00,290.00,278.00,256.00,1.00,2356.00,10,,,,,,DD,373577,1622,5214,4310,4136,-1,0,2008-01-20,0,-1,10,DD,,,,,,20,3,2,12,1,10,7,2357,1641,1615,5,2400,1622,,,,,,2357,1641,1615,1622
2008-01-20,OH,LGA,SAV,2143,-10.00,0.00,-1,2100-2159,22.00,2155,2355,5.00,0010,2400,-10.00,0.00,-1,0001-0559,0.00,0.00,147.00,147.00,120.00,1.00,722.00,3,,,,,,OT,375141,2133,1987,3637,6123,-1,-1,2008-01-20,-1,-1,3,OT,,,,,,20,2,2,17,1,3,6,2355,2155,2143,10,2400,2133,,,,,,2355,2155,2143,2133
2008-01-20,DL,JFK,LAX,1945,2.00,0.00,0,1900-1959,71.00,2058,2352,8.00,2341,2400,19.00,1.00,1,2300-2359,0.00,0.00,416.00,433.00,354.00,1.00,2475.00,10,0.00,0.00,19.00,0.00,0.00,DD,384369,1947,2182,3102,3978,1,0,2008-01-20,0,1,10,DD,0.00,0.00,19.00,0.00,0.00,20,3,4,15,19,10,7,2352,2058,1945,2341,2400,1947,0,0,19,0,0,2352,2058,1945,1947
2008-01-21,EV,ATL,SWF,2011,90.00,1.00,6,2000-2059,29.00,2210,2355,5.00,2233,2400,87.00,1.00,5,2200-2259,0.00,0.00,142.00,139.00,105.00,1.00,784.00,4,87.00,0.00,0.00,0.00,0.00,DD,391658,2141,1287,2658,6551,5,6,2008-01-21,6,5,4,DD,87.00,0.00,0.00,0.00,0.00,21,9,8,16,18,4,7,2355,2210,2011,2233,2400,2141,87,0,0,0,0,2355,2210,2011,2141
2008-01-21,AA,DFW,DCA,1935,28.00,1.00,1,1900-1959,26.00,2029,2349,11.00,2315,2400,45.00,1.00,3,2300-2359,0.00,0.00,160.00,177.00,140.00,1.00,1192.00,5,3.00,0.00,17.00,0.00,25.00,DD,394967,2003,1125,1615,5831,3,1,2008-01-21,1,3,5,DD,3.00,0.00,17.00,0.00,25.00,21,4,6,15,19,5,7,2349,2029,1935,2315,2400,2003,3,0,17,0,25,2349,2029,1935,2003
2008-01-21,US,LAS,JFK,1618,0.00,0.00,0,1600-1659,32.00,1650,2352,8.00,0022,2400,-22.00,0.00,-2,0001-0559,0.00,0.00,304.00,282.00,242.00,1.00,2248.00,9,,,,,,OT,401068,1618,5840,4310,3102,-2,0,2008-01-21,0,-2,9,OT,,,,,,21,3,1,12,1,9,6,2352,1650,1618,22,2400,1618,,,,,,2352,1650,1618,1618
2008-01-21,FL,ATL,LGA,2120,41.00,1.00,2,2100-2159,21.00,2222,2354,6.00,2329,2400,31.00,1.00,2,2300-2359,0.00,0.00,129.00,119.00,92.00,1.00,761.00,4,0.00,0.00,0.00,0.00,31.00,DD,401616,2201,981,2658,3637,2,2,2008-01-21,2,2,4,DD,0.00,0.00,0.00,0.00,31.00,21,5,5,17,19,4,7,2354,2222,2120,2329,2400,2201,0,0,0,0,31,2354,2222,2120,2201
2008-01-21,YV,CLT,IAH,2210,15.00,1.00,1,2200-2259,17.00,2242,2348,12.00,0003,2400,-3.00,0.00,-1,0001-0559,0.00,0.00,173.00,155.00,126.00,1.00,913.00,4,,,,,,DD,401872,2225,3836,1289,2359,-1,1,2008-01-21,1,-1,4,DD,,,,,,21,4,2,18,1,4,7,2348,2242,2210,3,2400,2225,,,,,,2348,2242,2210,2225
2008-01-21,DL,ATL,SEA,2145,1.00,0.00,0,2100-2159,23.00,2209,2353,7.00,0022,2400,-22.00,0.00,-2,0001-0559,0.00,0.00,337.00,314.00,284.00,1.00,2182.00,9,,,,,,OT,403806,2146,2182,2658,6151,-2,0,2008-01-21,0,-2,9,OT,,,,,,21,3,1,17,1,9,6,2353,2209,2145,22,2400,2146,,,,,,2353,2209,2145,2146
2008-01-21,DL,SLC,EWR,1655,54.00,1.00,3,1600-1659,37.00,1826,2354,6.00,2320,2400,40.00,1.00,2,2300-2359,0.00,0.00,265.00,251.00,208.00,1.00,1968.00,8,0.00,6.00,0.00,0.00,34.00,DD,404051,1749,2182,5954,4794,2,3,2008-01-21,3,2,8,DD,0.00,6.00,0.00,0.00,34.00,21,6,5,12,19,8,7,2354,1826,1655,2320,2400,1749,0,6,0,0,34,2354,1826,1655,1749
2008-01-21,UA,ORD,MSP,2000,165.00,1.00,11,2000-2059,14.00,2259,2357,3.00,2132,2400,148.00,1.00,9,2100-2159,0.00,0.00,92.00,75.00,58.00,1.00,334.00,2,82.00,0.00,0.00,0.00,66.00,DD,406472,2245,5798,1343,4435,9,11,2008-01-21,11,9,2,DD,82.00,0.00,0.00,0.00,66.00,21,14,12,16,17,2,7,2357,2259,2000,2132,2400,2245,82,0,0,0,66,2357,2259,2000,2245
2008-01-21,OO,SLC,BIL,2141,57.00,1.00,3,2100-2159,23.00,2301,2357,3.00,2304,2400,56.00,1.00,3,2300-2359,0.00,0.00,83.00,82.00,56.00,1.00,387.00,2,56.00,0.00,0.00,0.00,0.00,DD,409272,2238,5116,5954,764,3,3,2008-01-21,3,3,2,DD,56.00,0.00,0.00,0.00,0.00,21,6,6,17,19,2,7,2357,2301,2141,2304,2400,2238,56,0,0,0,0,2357,2301,2141,2238
2008-01-21,UA,OMA,ORD,1831,228.00,1.00,12,1800-1859,34.00,2253,2353,7.00,2010,2400,230.00,1.00,12,2000-2059,0.00,0.00,99.00,101.00,60.00,1.00,416.00,2,0.00,0.00,136.00,0.00,94.00,DD,409790,2219,5798,2010,1343,12,12,2008-01-21,12,12,2,DD,0.00,0.00,136.00,0.00,94.00,21,15,15,14,16,2,7,2353,2253,1831,2010,2400,2219,0,0,136,0,94,2353,2253,1831,2219
2008-01-22,US,CLT,MCI,2210,-4.00,0.00,-1,2200-2259,16.00,2222,2357,3.00,2352,2400,8.00,0.00,0,2300-2359,0.00,0.00,162.00,174.00,155.00,1.00,809.00,4,,,,,,DD,413617,2206,5840,1289,3250,0,-1,2008-01-22,-1,0,4,DD,,,,,,22,2,3,18,19,4,7,2357,2222,2210,2352,2400,2206,,,,,,2357,2222,2210,2206
2008-01-22,US,CLT,MIA,2215,3.00,0.00,0,2200-2259,15.00,2233,2356,4.00,0018,2400,-18.00,0.00,-2,0001-0559,0.00,0.00,123.00,102.00,83.00,1.00,650.00,3,,,,,,OT,413634,2218,5840,1289,4388,-2,0,2008-01-22,0,-2,3,OT,,,,,,22,3,1,18,1,3,6,2356,2233,2215,18,2400,2218,,,,,,2356,2233,2215,2218
2008-01-22,MQ,ORD,CMH,1910,168.00,1.00,11,1900-1959,10.00,2208,2355,5.00,2125,2400,155.00,1.00,10,2100-2159,0.00,0.00,75.00,62.00,47.00,1.00,296.00,2,0.00,0.00,18.00,0.00,137.00,DD,417663,2158,1127,1343,3103,10,11,2008-01-22,11,10,2,DD,0.00,0.00,18.00,0.00,137.00,22,14,13,15,17,2,7,2355,2208,1910,2125,2400,2158,0,0,18,0,137,2355,2208,1910,2158
2008-01-22,WN,SJC,PHX,2125,-2.00,0.00,-1,2100-2159,7.00,2130,2355,5.00,0010,2400,-10.00,0.00,-1,0001-0559,0.00,0.00,105.00,97.00,85.00,1.00,622.00,3,,,,,,OT,422647,2123,5214,4870,5288,-1,-1,2008-01-22,-1,-1,3,OT,,,,,,22,2,2,17,1,3,6,2355,2130,2125,10,2400,2123,,,,,,2355,2130,2125,2123
2008-01-22,MQ,DFW,GRK,2040,122.00,1.00,8,2000-2059,23.00,2305,2350,10.00,2125,2400,155.00,1.00,10,2100-2159,0.00,0.00,45.00,78.00,45.00,1.00,134.00,1,15.00,0.00,33.00,0.00,107.00,DD,426321,2242,1127,1615,5801,10,8,2008-01-22,8,10,1,DD,15.00,0.00,33.00,0.00,107.00,22,11,13,16,17,1,7,2350,2305,2040,2125,2400,2242,15,0,33,0,107,2350,2305,2040,2242
2008-01-22,OO,LAX,TUS,2130,14.00,0.00,0,2100-2159,13.00,2157,2356,4.00,2357,2400,3.00,0.00,0,2300-2359,0.00,0.00,87.00,76.00,59.00,1.00,451.00,2,,,,,,DD,430092,2144,5116,3978,7020,0,0,2008-01-22,0,0,2,DD,,,,,,22,3,3,17,19,2,7,2356,2157,2130,2357,2400,2144,,,,,,2356,2157,2130,2144
2008-01-23,WN,MCO,BWI,2120,43.00,1.00,2,2100-2159,13.00,2216,2352,8.00,2325,2400,35.00,1.00,2,2300-2359,0.00,0.00,125.00,117.00,96.00,1.00,787.00,4,35.00,0.00,0.00,0.00,0.00,DD,433185,2203,5214,5055,528,2,2,2008-01-23,2,2,4,DD,35.00,0.00,0.00,0.00,0.00,23,5,5,17,19,4,7,2352,2216,2120,2325,2400,2203,35,0,0,0,0,2352,2216,2120,2203
2008-01-23,WN,MDW,BUF,2035,63.00,1.00,4,2000-2059,15.00,2153,2358,2.00,2255,2400,65.00,1.00,4,2200-2259,0.00,0.00,80.00,82.00,65.00,1.00,468.00,2,0.00,0.00,2.00,0.00,63.00,DD,433297,2138,5214,1342,980,4,4,2008-01-23,4,4,2,DD,0.00,0.00,2.00,0.00,63.00,23,7,7,16,18,2,7,2358,2153,2035,2255,2400,2138,0,0,2,0,63,2358,2153,2035,2138
2008-01-23,WN,LAS,BNA,1900,-4.00,0.00,-1,1900-1959,9.00,1905,2356,4.00,0025,2400,-25.00,0.00,-2,0001-0559,0.00,0.00,205.00,184.00,171.00,1.00,1588.00,7,,,,,,OT,435675,1856,5214,4310,4735,-2,-1,2008-01-23,-1,-2,7,OT,,,,,,23,2,1,15,1,7,6,2356,1905,1900,25,2400,1856,,,,,,2356,1905,1900,1856
2008-01-23,DL,ATL,SLC,2113,27.00,1.00,1,2100-2159,19.00,2159,2356,4.00,2329,2400,31.00,1.00,2,2300-2359,0.00,0.00,256.00,260.00,237.00,1.00,1589.00,7,27.00,0.00,4.00,0.00,0.00,DD,442686,2140,2182,2658,5954,2,1,2008-01-23,1,2,7,DD,27.00,0.00,4.00,0.00,0.00,23,4,5,17,19,7,7,2356,2159,2113,2329,2400,2140,27,0,4,0,0,2356,2159,2113,2140
2008-01-23,US,CLT,FLL,2205,3.00,0.00,0,2200-2259,14.00,2222,2354,6.00,0003,2400,-3.00,0.00,-1,0001-0559,0.00,0.00,118.00,112.00,92.00,1.00,631.00,3,,,,,,OT,449230,2208,5840,1289,2176,-1,0,2008-01-23,0,-1,3,OT,,,,,,23,3,2,18,1,3,6,2354,2222,2205,3,2400,2208,,,,,,2354,2222,2205,2208
2008-01-24,MQ,ORD,CLT,2110,-1.00,0.00,-1,2100-2159,14.00,2123,2341,19.00,2359,2400,1.00,0.00,0,2300-2359,0.00,0.00,109.00,111.00,78.00,1.00,599.00,3,,,,,,OT,452749,2109,1127,1343,1289,0,-1,2008-01-24,-1,0,3,OT,,,,,,24,2,3,17,19,3,6,2341,2123,2110,2359,2400,2109,,,,,,2341,2123,2110,2109
2008-01-24,9E,MSP,SDF,1915,109.00,1.00,7,1900-1959,19.00,2123,2354,6.00,2215,2400,105.00,1.00,7,2200-2259,0.00,0.00,120.00,116.00,91.00,1.00,603.00,3,0.00,0.00,0.00,0.00,105.00,DD,453174,2104,4400,4435,3988,7,7,2008-01-24,7,7,3,DD,0.00,0.00,0.00,0.00,105.00,24,10,10,15,18,3,7,2354,2123,1915,2215,2400,2104,0,0,0,0,105,2354,2123,1915,2104
2008-01-24,F9,DEN,MKE,2045,5.00,0.00,0,2000-2059,16.00,2106,2351,9.00,2359,2400,1.00,0.00,0,2300-2359,0.00,0.00,134.00,130.00,105.00,1.00,896.00,4,,,,,,OT,454812,2050,2719,1701,2340,0,0,2008-01-24,0,0,4,OT,,,,,,24,3,3,16,19,4,6,2351,2106,2045,2359,2400,2050,,,,,,2351,2106,2045,2050
2008-01-24,F9,DEN,DAY,1930,-5.00,0.00,-1,1900-1959,15.00,1940,2352,8.00,2359,2400,1.00,0.00,0,2300-2359,0.00,0.00,149.00,155.00,132.00,1.00,1085.00,5,,,,,,OT,454852,1925,2719,1701,3029,0,-1,2008-01-24,-1,0,5,OT,,,,,,24,2,3,15,19,5,6,2352,1940,1930,2359,2400,1925,,,,,,2352,1940,1930,1925
2008-01-24,DL,ATL,LGA,2145,-4.00,0.00,-1,2100-2159,28.00,2209,2346,14.00,2359,2400,1.00,0.00,0,2300-2359,0.00,0.00,134.00,139.00,97.00,1.00,761.00,4,,,,,,OT,462915,2141,2182,2658,3637,0,-1,2008-01-24,-1,0,4,OT,,,,,,24,2,3,17,19,4,6,2346,2209,2145,2359,2400,2141,,,,,,2346,2209,2145,2141
2008-01-24,WN,STL,BWI,2050,22.00,1.00,1,2000-2059,9.00,2121,2357,3.00,2340,2400,20.00,1.00,1,2300-2359,0.00,0.00,110.00,108.00,96.00,1.00,737.00,3,0.00,0.00,0.00,0.00,20.00,DD,464716,2112,5214,6499,528,1,1,2008-01-24,1,1,3,DD,0.00,0.00,0.00,0.00,20.00,24,4,4,16,19,3,7,2357,2121,2050,2340,2400,2112,0,0,0,0,20,2357,2121,2050,2112
2008-01-24,AA,MIA,LGA,2110,0.00,0.00,0,2100-2159,23.00,2133,2357,3.00,2359,2400,1.00,0.00,0,2300-2359,0.00,0.00,169.00,170.00,144.00,1.00,1097.00,5,,,,,,OT,466141,2110,1125,4388,3637,0,0,2008-01-24,0,0,5,OT,,,,,,24,3,3,17,19,5,6,2357,2133,2110,2359,2400,2110,,,,,,2357,2133,2110,2110
2008-01-25,WN,BWI,TPA,2145,0.00,0.00,0,2100-2159,8.00,2153,2356,4.00,0015,2400,-15.00,0.00,-1,0001-0559,0.00,0.00,150.00,135.00,123.00,1.00,842.00,4,,,,,,OT,478555,2145,5214,528,6719,-1,0,2008-01-25,0,-1,4,OT,,,,,,25,3,2,17,1,4,6,2356,2153,2145,15,2400,2145,,,,,,2356,2153,2145,2145
2008-01-25,WN,LAS,MSY,1910,2.00,0.00,0,1900-1959,10.00,1922,2357,3.00,0025,2400,-25.00,0.00,-2,0001-0559,0.00,0.00,195.00,168.00,155.00,1.00,1501.00,7,,,,,,OT,479259,1912,5214,4310,3987,-2,0,2008-01-25,0,-2,7,OT,,,,,,25,3,1,15,1,7,6,2357,1922,1910,25,2400,1912,,,,,,2357,1922,1910,1912
2008-01-25,WN,LAS,PDX,2130,25.00,1.00,1,2100-2159,8.00,2203,2355,5.00,2350,2400,10.00,0.00,0,2300-2359,0.00,0.00,140.00,125.00,112.00,1.00,762.00,4,,,,,,DD,479291,2155,5214,4310,5432,0,1,2008-01-25,1,0,4,DD,,,,,,25,4,3,17,19,4,7,2355,2203,2130,2350,2400,2155,,,,,,2355,2203,2130,2155
2008-01-25,WN,LAX,MCI,1905,11.00,0.00,0,1900-1959,14.00,1930,2356,4.00,0015,2400,-15.00,0.00,-1,0001-0559,0.00,0.00,190.00,164.00,146.00,1.00,1363.00,6,,,,,,DD,479434,1916,5214,3978,3250,-1,0,2008-01-25,0,-1,6,DD,,,,,,25,3,2,15,1,6,7,2356,1930,1905,15,2400,1916,,,,,,2356,1930,1905,1916
2008-01-25,WN,OAK,SEA,2105,73.00,1.00,4,2100-2159,12.00,2230,2357,3.00,2305,2400,55.00,1.00,3,2300-2359,0.00,0.00,120.00,102.00,87.00,1.00,671.00,3,11.00,0.00,0.00,0.00,44.00,DD,480171,2218,5214,4382,6151,3,4,2008-01-25,4,3,3,DD,11.00,0.00,0.00,0.00,44.00,25,7,6,17,19,3,7,2357,2230,2105,2305,2400,2218,11,0,0,0,44,2357,2230,2105,2218
2008-01-25,YV,PHX,DSM,1946,38.00,1.00,2,1900-1959,18.00,2042,2353,7.00,2336,2400,24.00,1.00,1,2300-2359,0.00,0.00,170.00,156.00,131.00,1.00,1149.00,5,24.00,0.00,0.00,0.00,0.00,DD,485751,2024,3836,5288,1708,1,2,2008-01-25,2,1,5,DD,24.00,0.00,0.00,0.00,0.00,25,5,4,15,19,5,7,2353,2042,1946,2336,2400,2024,24,0,0,0,0,2353,2042,1946,2024
2008-01-25,WN,SMF,PHX,2050,29.00,1.00,1,2000-2059,9.00,2128,2356,4.00,2335,2400,25.00,1.00,1,2300-2359,0.00,0.00,105.00,101.00,88.00,1.00,647.00,3,0.00,0.00,0.00,0.00,25.00,DD,486975,2119,5214,5904,5288,1,1,2008-01-25,1,1,3,DD,0.00,0.00,0.00,0.00,25.00,25,4,4,16,19,3,7,2356,2128,2050,2335,2400,2119,0,0,0,0,25,2356,2128,2050,2119
2008-01-27,UA,LAX,SFO,2230,1.00,0.00,0,2200-2259,21.00,2252,2353,7.00,2353,2400,7.00,0.00,0,2300-2359,0.00,0.00,83.00,89.00,61.00,1.00,337.00,2,,,,,,DD,507598,2231,5798,3978,5992,0,0,2008-01-27,0,0,2,DD,,,,,,27,3,3,18,19,2,7,2353,2252,2230,2353,2400,2231,,,,,,2353,2252,2230,2231
2008-01-27,XE,SLC,OKC,1935,72.00,1.00,4,1900-1959,18.00,2105,2354,6.00,2257,2400,63.00,1.00,4,2200-2259,0.00,0.00,142.00,133.00,109.00,1.00,866.00,4,23.00,0.00,0.00,0.00,40.00,DD,509869,2047,2516,5954,7467,4,4,2008-01-27,4,4,4,DD,23.00,0.00,0.00,0.00,40.00,27,7,7,15,18,4,7,2354,2105,1935,2257,2400,2047,23,0,0,0,40,2354,2105,1935,2047
2008-01-27,US,ORD,LAS,2103,41.00,1.00,2,2100-2159,17.00,2201,2354,6.00,2309,2400,51.00,1.00,3,2300-2359,0.00,0.00,246.00,256.00,233.00,1.00,1515.00,7,0.00,0.00,51.00,0.00,0.00,DD,512996,2144,5840,1343,4310,3,2,2008-01-27,2,3,7,DD,0.00,0.00,51.00,0.00,0.00,27,5,6,17,19,7,7,2354,2201,2103,2309,2400,2144,0,0,51,0,0,2354,2201,2103,2144
2008-01-27,US,PHL,BOS,2300,-8.00,0.00,-1,2300-2359,10.00,2302,2351,9.00,0025,2400,-25.00,0.00,-2,0001-0559,0.00,0.00,85.00,68.00,49.00,1.00,280.00,2,,,,,,OT,513040,2252,5840,5279,2321,-2,-1,2008-01-27,-1,-2,2,OT,,,,,,27,2,1,19,1,2,6,2351,2302,2300,25,2400,2252,,,,,,2351,2302,2300,2252
2008-01-27,US,PHX,MKE,1954,-1.00,0.00,-1,1900-1959,23.00,2016,2352,8.00,0020,2400,-20.00,0.00,-2,0001-0559,0.00,0.00,206.00,187.00,156.00,1.00,1460.00,6,,,,,,OT,513226,1953,5840,5288,2340,-2,-1,2008-01-27,-1,-2,6,OT,,,,,,27,2,1,15,1,6,6,2352,2016,1954,20,2400,1953,,,,,,2352,2016,1954,1953
2008-01-27,XE,LAX,DEN,2010,47.00,1.00,3,2000-2059,15.00,2112,2353,7.00,2322,2400,38.00,1.00,2,2300-2359,0.00,0.00,132.00,123.00,101.00,1.00,862.00,4,0.00,0.00,0.00,0.00,38.00,DD,514134,2057,2516,3978,1701,2,3,2008-01-27,3,2,4,DD,0.00,0.00,0.00,0.00,38.00,27,6,5,16,19,4,7,2353,2112,2010,2322,2400,2057,0,0,0,0,38,2353,2112,2010,2057
2008-01-27,AA,DFW,DTW,2000,38.00,1.00,2,2000-2059,11.00,2049,2356,4.00,2330,2400,30.00,1.00,2,2300-2359,0.00,0.00,150.00,142.00,127.00,1.00,987.00,4,0.00,3.00,0.00,0.00,27.00,DD,516148,2038,1125,1615,1716,2,2,2008-01-27,2,2,4,DD,0.00,3.00,0.00,0.00,27.00,27,5,5,16,19,4,7,2356,2049,2000,2330,2400,2038,0,3,0,0,27,2356,2049,2000,2038
2008-01-27,WN,PHX,BHM,1945,15.00,1.00,1,1900-1959,25.00,2025,2358,2.00,2350,2400,10.00,0.00,0,2300-2359,0.00,0.00,185.00,180.00,153.00,1.00,1455.00,6,,,,,,DD,523680,2000,5214,5288,778,0,1,2008-01-27,1,0,6,DD,,,,,,27,4,3,15,19,6,7,2358,2025,1945,2350,2400,2000,,,,,,2358,2025,1945,2000
2008-01-27,WN,PHX,SMF,2135,98.00,1.00,6,2100-2159,6.00,2319,2356,4.00,2235,2400,85.00,1.00,5,2200-2259,0.00,0.00,120.00,107.00,97.00,1.00,647.00,3,0.00,4.00,0.00,0.00,81.00,DD,523833,2313,5214,5288,5904,5,6,2008-01-27,6,5,3,DD,0.00,4.00,0.00,0.00,81.00,27,9,8,17,18,3,7,2356,2319,2135,2235,2400,2313,0,4,0,0,81,2356,2319,2135,2313
2008-01-27,YV,PHX,GJT,1944,136.00,1.00,9,1900-1959,20.00,2220,2355,5.00,2146,2400,134.00,1.00,8,2100-2159,0.00,0.00,122.00,120.00,95.00,1.00,438.00,2,134.00,0.00,0.00,0.00,0.00,DD,524496,2200,3836,5288,2478,8,9,2008-01-27,9,8,2,DD,134.00,0.00,0.00,0.00,0.00,27,12,11,15,17,2,7,2355,2220,1944,2146,2400,2200,134,0,0,0,0,2355,2220,1944,2200
2008-01-27,MQ,DFW,GPT,2025,131.00,1.00,8,2000-2059,14.00,2250,2355,5.00,2155,2400,125.00,1.00,8,2100-2159,0.00,0.00,90.00,84.00,65.00,1.00,500.00,3,0.00,115.00,0.00,0.00,10.00,DD,524857,2236,1127,1615,2556,8,8,2008-01-27,8,8,3,DD,0.00,115.00,0.00,0.00,10.00,27,11,11,16,17,3,7,2355,2250,2025,2155,2400,2236,0,115,0,0,10,2355,2250,2025,2236
2008-01-28,AA,DFW,ORD,2130,25.00,1.00,1,2100-2159,15.00,2210,2349,11.00,2335,2400,25.00,1.00,1,2300-2359,0.00,0.00,125.00,125.00,99.00,1.00,802.00,4,0.00,0.00,0.00,0.00,25.00,DD,535254,2155,1125,1615,1343,1,1,2008-01-28,1,1,4,DD,0.00,0.00,0.00,0.00,25.00,28,4,4,17,19,4,7,2349,2210,2130,2335,2400,2155,0,0,0,0,25,2349,2210,2130,2155
2008-01-28,OH,ATL,GSO,2244,0.00,0.00,0,2200-2259,16.00,2300,2350,10.00,2356,2400,4.00,0.00,0,2300-2359,0.00,0.00,72.00,76.00,50.00,1.00,306.00,2,,,,,,OT,535884,2244,1987,2658,5304,0,0,2008-01-28,0,0,2,OT,,,,,,28,3,3,18,19,2,6,2350,2300,2244,2356,2400,2244,,,,,,2350,2300,2244,2244
2008-01-28,MQ,ORD,TYS,1940,108.00,1.00,7,1900-1959,19.00,2147,2356,4.00,2215,2400,105.00,1.00,7,2200-2259,0.00,0.00,95.00,92.00,69.00,1.00,475.00,2,105.00,0.00,0.00,0.00,0.00,DD,539524,2128,1127,1343,4312,7,7,2008-01-28,7,7,2,DD,105.00,0.00,0.00,0.00,0.00,28,10,10,15,18,2,7,2356,2147,1940,2215,2400,2128,105,0,0,0,0,2356,2147,1940,2128
2008-01-28,WN,LAS,RNO,2235,16.00,1.00,1,2200-2259,9.00,2300,2357,3.00,2350,2400,10.00,0.00,0,2300-2359,0.00,0.00,75.00,69.00,57.00,1.00,345.00,2,,,,,,DD,541447,2251,5214,4310,5739,0,1,2008-01-28,1,0,2,DD,,,,,,28,4,3,18,19,2,7,2357,2300,2235,2350,2400,2251,,,,,,2357,2300,2235,2251
2008-01-28,UA,ORD,MCI,2030,90.00,1.00,6,2000-2059,41.00,2241,2357,3.00,2204,2400,116.00,1.00,7,2200-2259,0.00,0.00,94.00,120.00,76.00,1.00,403.00,2,90.00,0.00,26.00,0.00,0.00,DD,543545,2200,5798,1343,3250,7,6,2008-01-28,6,7,2,DD,90.00,0.00,26.00,0.00,0.00,28,9,10,16,18,2,7,2357,2241,2030,2204,2400,2200,90,0,26,0,0,2357,2241,2030,2200
2008-01-28,NW,DTW,MCO,2128,-3.00,0.00,-1,2100-2159,23.00,2148,2351,9.00,2358,2400,2.00,0.00,0,2300-2359,0.00,0.00,150.00,155.00,123.00,1.00,957.00,4,,,,,,OT,544039,2125,4130,1716,5055,0,-1,2008-01-28,-1,0,4,OT,,,,,,28,2,3,17,19,4,6,2351,2148,2128,2358,2400,2125,,,,,,2351,2148,2128,2125
2008-01-29,DL,ATL,BOS,2135,-2.00,0.00,-1,2100-2159,27.00,2200,2353,7.00,0006,2400,-6.00,0.00,-1,0001-0559,0.00,0.00,151.00,147.00,113.00,1.00,946.00,4,,,,,,OT,546761,2133,2182,2658,2321,-1,-1,2008-01-29,-1,-1,4,OT,,,,,,29,2,2,17,1,4,6,2353,2200,2135,6,2400,2133,,,,,,2353,2200,2135,2133
2008-01-29,OO,ORD,CHS,1930,41.00,1.00,2,1900-1959,65.00,2116,2356,4.00,2235,2400,85.00,1.00,5,2200-2259,0.00,0.00,125.00,169.00,100.00,1.00,760.00,4,0.00,0.00,0.00,0.00,85.00,DD,548189,2011,5116,1343,1280,5,2,2008-01-29,2,5,4,DD,0.00,0.00,0.00,0.00,85.00,29,5,8,15,18,4,7,2356,2116,1930,2235,2400,2011,0,0,0,0,85,2356,2116,1930,2011
2008-01-29,AA,SNA,ORD,1445,119.00,1.00,7,1400-1459,47.00,1731,2328,32.00,2040,2400,200.00,1.00,12,2000-2059,0.00,0.00,235.00,316.00,237.00,1.00,1726.00,7,0.00,0.00,200.00,0.00,0.00,DD,551497,1644,1125,3106,1343,12,7,2008-01-29,7,12,7,DD,0.00,0.00,200.00,0.00,0.00,29,10,15,10,16,7,7,2328,1731,1445,2040,2400,1644,0,0,200,0,0,2328,1731,1445,1644
2008-01-29,B6,JFK,RSW,2035,7.00,0.00,0,2000-2059,21.00,2103,2356,4.00,2359,2400,1.00,0.00,0,2300-2359,0.00,0.00,204.00,198.00,173.00,1.00,1074.00,5,,,,,,DD,556022,2042,3343,3102,6453,0,0,2008-01-29,0,0,5,DD,,,,,,29,3,3,16,19,5,7,2356,2103,2035,2359,2400,2042,,,,,,2356,2103,2035,2042
2008-01-29,WN,BNA,BWI,2140,-2.00,0.00,-1,2100-2159,7.00,2145,2350,10.00,0010,2400,-10.00,0.00,-1,0001-0559,0.00,0.00,90.00,82.00,65.00,1.00,588.00,3,,,,,,OT,556539,2138,5214,4735,528,-1,-1,2008-01-29,-1,-1,3,OT,,,,,,29,2,2,17,1,3,6,2350,2145,2140,10,2400,2138,,,,,,2350,2145,2140,2138
2008-01-29,WN,BWI,TPA,2145,-8.00,0.00,-1,2100-2159,7.00,2144,2357,3.00,0015,2400,-15.00,0.00,-1,0001-0559,0.00,0.00,150.00,143.00,133.00,1.00,842.00,4,,,,,,OT,556887,2137,5214,528,6719,-1,-1,2008-01-29,-1,-1,4,OT,,,,,,29,2,2,17,1,4,6,2357,2144,2145,15,2400,2137,,,,,,2357,2144,2145,2137
2008-01-29,WN,LAS,MSY,1910,-7.00,0.00,-1,1900-1959,8.00,1911,2355,5.00,0025,2400,-25.00,0.00,-2,0001-0559,0.00,0.00,195.00,177.00,164.00,1.00,1501.00,7,,,,,,OT,557591,1903,5214,4310,3987,-2,-1,2008-01-29,-1,-2,7,OT,,,,,,29,2,1,15,1,7,6,2355,1911,1910,25,2400,1903,,,,,,2355,1911,1910,1903
2008-01-29,WN,LAS,STL,1920,-2.00,0.00,-1,1900-1959,7.00,1925,2356,4.00,0020,2400,-20.00,0.00,-2,0001-0559,0.00,0.00,180.00,162.00,151.00,1.00,1372.00,6,,,,,,OT,557725,1918,5214,4310,6499,-2,-1,2008-01-29,-1,-2,6,OT,,,,,,29,2,1,15,1,6,6,2356,1925,1920,20,2400,1918,,,,,,2356,1925,1920,1918
2008-01-29,AA,DFW,SAN,2205,34.00,1.00,2,2200-2259,18.00,2257,2356,4.00,2310,2400,50.00,1.00,3,2300-2359,0.00,0.00,185.00,201.00,179.00,1.00,1171.00,5,34.00,0.00,16.00,0.00,0.00,DD,561370,2239,1125,1615,5986,3,2,2008-01-29,2,3,5,DD,34.00,0.00,16.00,0.00,0.00,29,5,6,18,19,5,7,2356,2257,2205,2310,2400,2239,34,0,16,0,0,2356,2257,2205,2239
2008-01-29,WN,MDW,FLL,2000,22.00,1.00,1,2000-2059,11.00,2033,2357,3.00,2355,2400,5.00,0.00,0,2300-2359,0.00,0.00,175.00,158.00,144.00,1.00,1166.00,5,,,,,,DD,564091,2022,5214,1342,2176,0,1,2008-01-29,1,0,5,DD,,,,,,29,4,3,16,19,5,7,2357,2033,2000,2355,2400,2022,,,,,,2357,2033,2000,2022
2008-01-29,WN,MHT,MCO,2100,-5.00,0.00,-1,2100-2159,8.00,2103,2357,3.00,0015,2400,-15.00,0.00,-1,0001-0559,0.00,0.00,195.00,185.00,174.00,1.00,1142.00,5,,,,,,OT,564268,2055,5214,4136,5055,-1,-1,2008-01-29,-1,-1,5,OT,,,,,,29,2,2,17,1,5,6,2357,2103,2100,15,2400,2055,,,,,,2357,2103,2100,2055
2008-01-29,WN,SJC,PHX,2125,3.00,0.00,0,2100-2159,7.00,2135,2356,4.00,0010,2400,-10.00,0.00,-1,0001-0559,0.00,0.00,105.00,92.00,81.00,1.00,622.00,3,,,,,,OT,565322,2128,5214,4870,5288,-1,0,2008-01-29,0,-1,3,OT,,,,,,29,3,2,17,1,3,6,2356,2135,2125,10,2400,2128,,,,,,2356,2135,2125,2128
2008-01-30,B6,JFK,ONT,2005,27.00,1.00,1,2000-2059,46.00,2118,2356,4.00,2332,2400,28.00,1.00,1,2300-2359,0.00,0.00,387.00,388.00,338.00,1.00,2430.00,10,0.00,0.00,1.00,0.00,27.00,DD,569270,2032,3343,3102,5026,1,1,2008-01-30,1,1,10,DD,0.00,0.00,1.00,0.00,27.00,30,4,4,16,19,10,7,2356,2118,2005,2332,2400,2032,0,0,1,0,27,2356,2118,2005,2032
2008-01-30,WN,LAS,OMA,1935,3.00,0.00,0,1900-1959,10.00,1948,2358,2.00,0010,2400,-10.00,0.00,-1,0001-0559,0.00,0.00,155.00,142.00,130.00,1.00,1099.00,5,,,,,,OT,574044,1938,5214,4310,2010,-1,0,2008-01-30,0,-1,5,OT,,,,,,30,3,2,15,1,5,6,2358,1948,1935,10,2400,1938,,,,,,2358,1948,1935,1938
2008-01-30,NW,DTW,MIA,2108,1.00,0.00,0,2100-2159,16.00,2125,2352,8.00,2358,2400,2.00,0.00,0,2300-2359,0.00,0.00,170.00,171.00,147.00,1.00,1145.00,5,,,,,,OT,577109,2109,4130,1716,4388,0,0,2008-01-30,0,0,5,OT,,,,,,30,3,3,17,19,5,6,2352,2125,2108,2358,2400,2109,,,,,,2352,2125,2108,2109
2008-01-30,AA,DFW,SAT,2240,17.00,1.00,1,2200-2259,16.00,2313,2358,2.00,2340,2400,20.00,1.00,1,2300-2359,0.00,0.00,60.00,63.00,45.00,1.00,247.00,1,13.00,0.00,3.00,0.00,4.00,DD,578439,2257,1125,1615,5977,1,1,2008-01-30,1,1,1,DD,13.00,0.00,3.00,0.00,4.00,30,4,4,18,19,1,7,2358,2313,2240,2340,2400,2257,13,0,3,0,4,2358,2313,2240,2257
2008-01-30,YV,CLT,EWR,2210,0.00,0.00,0,2200-2259,29.00,2239,2355,5.00,0001,2400,-1.00,0.00,-1,0001-0559,0.00,0.00,111.00,110.00,76.00,1.00,529.00,3,,,,,,OT,578811,2210,3836,1289,4794,-1,0,2008-01-30,0,-1,3,OT,,,,,,30,3,2,18,1,3,6,2355,2239,2210,1,2400,2210,,,,,,2355,2239,2210,2210
2008-01-30,AA,MIA,LGA,2110,5.00,0.00,0,2100-2159,21.00,2136,2355,5.00,2359,2400,1.00,0.00,0,2300-2359,0.00,0.00,169.00,165.00,139.00,1.00,1097.00,5,,,,,,OT,581116,2115,1125,4388,3637,0,0,2008-01-30,0,0,5,OT,,,,,,30,3,3,17,19,5,6,2355,2136,2110,2359,2400,2115,,,,,,2355,2136,2110,2115
2008-01-31,UA,SFO,LAX,2000,158.00,1.00,10,2000-2059,20.00,2258,2347,13.00,2132,2400,148.00,1.00,9,2100-2159,0.00,0.00,92.00,82.00,49.00,1.00,337.00,2,0.00,0.00,0.00,0.00,148.00,DD,585843,2238,5798,5992,3978,9,10,2008-01-31,10,9,2,DD,0.00,0.00,0.00,0.00,148.00,31,13,12,16,17,2,7,2347,2258,2000,2132,2400,2238,0,0,0,0,148,2347,2258,2000,2238
2008-01-31,DL,ATL,DFW,2159,46.00,1.00,3,2100-2159,15.00,2300,2354,6.00,2326,2400,34.00,1.00,2,2300-2359,0.00,0.00,147.00,135.00,114.00,1.00,732.00,3,0.00,0.00,0.00,0.00,34.00,DD,587427,2245,2182,2658,1615,2,3,2008-01-31,3,2,3,DD,0.00,0.00,0.00,0.00,34.00,31,6,5,17,19,3,7,2354,2300,2159,2326,2400,2245,0,0,0,0,34,2354,2300,2159,2245
2008-01-31,F9,DEN,MKE,2045,5.00,0.00,0,2000-2059,11.00,2101,2352,8.00,2359,2400,1.00,0.00,0,2300-2359,0.00,0.00,134.00,130.00,111.00,1.00,896.00,4,,,,,,OT,588364,2050,2719,1701,2340,0,0,2008-01-31,0,0,4,OT,,,,,,31,3,3,16,19,4,6,2352,2101,2045,2359,2400,2050,,,,,,2352,2101,2045,2050
2008-01-31,AA,DFW,CMH,2010,48.00,1.00,3,2000-2059,14.00,2112,2355,5.00,2330,2400,30.00,1.00,2,2300-2359,0.00,0.00,140.00,122.00,103.00,1.00,927.00,4,0.00,4.00,0.00,0.00,26.00,DD,590166,2058,1125,1615,3103,2,3,2008-01-31,3,2,4,DD,0.00,4.00,0.00,0.00,26.00,31,6,5,16,19,4,7,2355,2112,2010,2330,2400,2058,0,4,0,0,26,2355,2112,2010,2058
2008-01-31,OH,LGA,LEX,2135,0.00,0.00,0,2100-2159,38.00,2213,2352,8.00,2348,2400,12.00,0.00,0,2300-2359,0.00,0.00,133.00,145.00,99.00,1.00,604.00,3,,,,,,DD,590691,2135,1987,3637,806,0,0,2008-01-31,0,0,3,DD,,,,,,31,3,3,17,19,3,7,2352,2213,2135,2348,2400,2135,,,,,,2352,2213,2135,2135
2008-01-31,B6,JFK,DEN,2120,3.00,0.00,0,2100-2159,20.00,2143,2341,19.00,2355,2400,5.00,0.00,0,2300-2359,0.00,0.00,275.00,277.00,238.00,1.00,1626.00,7,,,,,,OT,593876,2123,3343,3102,1701,0,0,2008-01-31,0,0,7,OT,,,,,,31,3,3,17,19,7,6,2341,2143,2120,2355,2400,2123,,,,,,2341,2143,2120,2123
2008-01-31,YV,PHX,MEM,1951,-1.00,0.00,-1,1900-1959,26.00,2016,2349,11.00,2351,2400,9.00,0.00,0,2300-2359,0.00,0.00,180.00,190.00,153.00,1.00,1263.00,6,,,,,,DD,596615,1950,3836,5288,4352,0,-1,2008-01-31,-1,0,6,DD,,,,,,31,2,3,15,19,6,7,2349,2016,1951,2351,2400,1950,,,,,,2349,2016,1951,1950
2008-01-31,UA,LAX,ORD,1155,362.00,1.00,12,1100-1159,15.00,1812,2349,11.00,1758,2400,362.00,1.00,12,1700-1759,0.00,0.00,243.00,243.00,217.00,1.00,1745.00,7,0.00,0.00,362.00,0.00,0.00,DD,597409,1757,5798,3978,1343,12,12,2008-01-31,12,12,7,DD,0.00,0.00,362.00,0.00,0.00,31,15,15,7,13,7,7,2349,1812,1155,1758,2400,1757,0,0,362,0,0,2349,1812,1155,1757
2008-01-31,WN,BWI,HOU,2015,81.00,1.00,5,2000-2059,7.00,2143,2358,2.00,2255,2400,65.00,1.00,4,2200-2259,0.00,0.00,220.00,204.00,195.00,1.00,1246.00,5,1.00,0.00,0.00,0.00,64.00,DD,598188,2136,5214,528,7469,4,5,2008-01-31,5,4,5,DD,1.00,0.00,0.00,0.00,64.00,31,8,7,16,18,5,7,2358,2143,2015,2255,2400,2136,1,0,0,0,64,2358,2143,2015,2136
2008-01-31,WN,CMH,BWI,2110,114.00,1.00,7,2100-2159,6.00,2310,2356,4.00,2215,2400,105.00,1.00,7,2200-2259,0.00,0.00,65.00,56.00,46.00,1.00,336.00,2,1.00,0.00,0.00,0.00,104.00,DD,598321,2304,5214,3103,528,7,7,2008-01-31,7,7,2,DD,1.00,0.00,0.00,0.00,104.00,31,10,10,17,18,2,7,2356,2310,2110,2215,2400,2304,1,0,0,0,104,2356,2310,2110,2304
2008-01-31,DL,JFK,SFO,1853,55.00,1.00,3,1800-1859,35.00,2023,2351,9.00,2258,2400,62.00,1.00,4,2200-2259,0.00,0.00,425.00,432.00,388.00,1.00,2586.00,11,55.00,0.00,7.00,0.00,0.00,DD,599527,1948,2182,3102,5992,4,3,2008-01-31,3,4,11,DD,55.00,0.00,7.00,0.00,0.00,31,6,7,14,18,11,7,2351,2023,1853,2258,2400,1948,55,0,7,0,0,2351,2023,1853,1948
2008-01-31,DL,ATL,SAT,2131,46.00,1.00,3,2100-2159,23.00,2240,2354,6.00,2315,2400,45.00,1.00,3,2300-2359,0.00,0.00,164.00,163.00,134.00,1.00,874.00,4,29.00,0.00,0.00,0.00,16.00,DD,599777,2217,2182,2658,5977,3,3,2008-01-31,3,3,4,DD,29.00,0.00,0.00,0.00,16.00,31,6,6,17,19,4,7,2354,2240,2131,2315,2400,2217,29,0,0,0,16,2354,2240,2131,2217
2008-01-31,WN,LAS,OMA,1935,2.00,0.00,0,1900-1959,13.00,1950,2358,2.00,0010,2400,-10.00,0.00,-1,0001-0559,0.00,0.00,155.00,143.00,128.00,1.00,1099.00,5,,,,,,OT,602108,1937,5214,4310,2010,-1,0,2008-01-31,0,-1,5,OT,,,,,,31,3,2,15,1,5,6,2358,1950,1935,10,2400,1937,,,,,,2358,1950,1935,1937
2008-01-31,WN,LAS,SAN,2155,62.00,1.00,4,2100-2159,19.00,2316,2357,3.00,2255,2400,65.00,1.00,4,2200-2259,0.00,0.00,60.00,63.00,41.00,1.00,258.00,2,62.00,0.00,3.00,0.00,0.00,DD,602170,2257,5214,4310,5986,4,4,2008-01-31,4,4,2,DD,62.00,0.00,3.00,0.00,0.00,31,7,7,17,18,2,7,2357,2316,2155,2255,2400,2257,62,0,3,0,0,2357,2316,2155,2257
2008-01-31,WN,MCO,MDW,1840,220.00,1.00,12,1800-1859,12.00,2232,2349,11.00,2030,2400,210.00,1.00,12,2000-2059,0.00,0.00,170.00,160.00,137.00,1.00,989.00,4,210.00,0.00,0.00,0.00,0.00,DD,602532,2220,5214,5055,1342,12,12,2008-01-31,12,12,4,DD,210.00,0.00,0.00,0.00,0.00,31,15,15,14,16,4,7,2349,2232,1840,2030,2400,2220,210,0,0,0,0,2349,2232,1840,2220
