2008-01-01,WN,MDW,CLE,2105,164.00,1.00,10,2100-2159,11.00,2400,0149,20.00,2310,0209,179.00,1.00,11,2300-2359,0.00,0.00,65.00,80.00,49.00,1.00,307.00,2,56.00,0.00,15.00,0.00,108.00,DD,2738,2349,5214,1342,1425,11,10,2008-01-01,10,11,2,DD,56.00,0.00,15.00,0.00,108.00,1,13,14,17,19,2,7,149,2400,2105,2310,209,2349,56,0,15,0,108,149
2008-01-01,UA,LAX,JFK,2355,-6.00,0.00,-1,2300-2359,11.00,2400,0744,4.00,0807,0748,-19.00,0.00,-2,0800-0859,0.00,0.00,312.00,299.00,284.00,1.00,2475.00,10,,,,,,OT,6152,2349,5798,3978,3102,-2,-1,2008-01-01,-1,-2,10,OT,,,,,,1,2,1,19,4,10,6,744,2400,2355,807,748,2349,,,,,,744
2008-01-02,US,LAS,BOS,2351,-5.00,0.00,-1,2300-2359,14.00,2400,0738,11.00,0759,0749,-10.00,0.00,-1,0700-0759,0.00,0.00,308.00,303.00,278.00,1.00,2381.00,10,,,,,,OT,26463,2346,5840,4310,2321,-1,-1,2008-01-02,-1,-1,10,OT,,,,,,2,2,2,19,3,10,6,738,2400,2351,759,749,2346,,,,,,738
2008-01-03,US,PHX,CLT,2345,2.00,0.00,0,2300-2359,13.00,2400,0512,7.00,0541,0519,-22.00,0.00,-2,0001-0559,0.00,0.00,236.00,212.00,192.00,1.00,1774.00,8,,,,,,OT,51645,2347,5840,5288,1289,-2,0,2008-01-03,0,-2,8,OT,,,,,,3,3,1,19,1,8,6,512,2400,2345,541,519,2347,,,,,,512
2008-01-03,B6,LGA,FLL,2145,128.00,1.00,8,2100-2159,7.00,2400,0224,2.00,0035,0226,111.00,1.00,7,0001-0559,0.00,0.00,170.00,153.00,144.00,1.00,1076.00,5,39.00,0.00,0.00,0.00,72.00,DD,52894,2353,3343,3637,2176,7,8,2008-01-03,8,7,5,DD,39.00,0.00,0.00,0.00,72.00,3,11,10,17,1,5,7,224,2400,2145,35,226,2353,39,0,0,0,72,224
2008-01-04,UA,LIH,SFO,2225,80.00,1.00,5,2200-2259,15.00,2400,0644,7.00,0526,0651,85.00,1.00,5,0001-0559,0.00,0.00,301.00,306.00,284.00,1.00,2447.00,10,0.00,0.00,8.00,0.00,77.00,DD,70437,2345,5798,3875,5992,5,5,2008-01-04,5,5,10,DD,0.00,0.00,8.00,0.00,77.00,4,8,8,18,1,10,7,644,2400,2225,526,651,2345,0,0,8,0,77,644
2008-01-04,B6,SLC,JFK,2355,3.00,0.00,0,2300-2359,2.00,2400,0600,4.00,0603,0604,1.00,0.00,0,0600-0659,0.00,0.00,248.00,246.00,240.00,1.00,1989.00,8,,,,,,OT,73194,2358,3343,5954,3102,0,0,2008-01-04,0,0,8,OT,,,,,,4,3,3,19,2,8,6,600,2400,2355,603,604,2358,,,,,,600
2008-01-04,NW,DTW,RDU,2124,138.00,1.00,9,2100-2159,18.00,2400,0105,4.00,2301,0109,128.00,1.00,8,2300-2359,0.00,0.00,97.00,87.00,65.00,1.00,501.00,3,1.00,0.00,0.00,0.00,127.00,DD,78900,2342,4130,1716,5656,8,9,2008-01-04,9,8,3,DD,1.00,0.00,0.00,0.00,127.00,4,12,11,17,19,3,7,105,2400,2124,2301,109,2342,1,0,0,0,127,105
2008-01-05,OO,ORD,MEM,1945,239.00,1.00,12,1900-1959,16.00,2400,0108,6.00,2126,0114,228.00,1.00,12,2100-2159,0.00,0.00,101.00,90.00,68.00,1.00,491.00,2,0.00,0.00,0.00,0.00,228.00,DD,93462,2344,5116,1343,4352,12,12,2008-01-05,12,12,2,DD,0.00,0.00,0.00,0.00,228.00,5,15,15,15,17,2,7,108,2400,1945,2126,114,2344,0,0,0,0,228,108
2008-01-05,AA,LAX,SJU,2345,-4.00,0.00,-1,2300-2359,19.00,2400,1003,6.00,1020,1009,-11.00,0.00,-1,1000-1059,0.00,0.00,395.00,388.00,363.00,1.00,3386.00,11,,,,,,OT,96776,2341,1125,3978,4008,-1,-1,2008-01-05,-1,-1,11,OT,,,,,,5,2,2,19,6,11,6,1003,2400,2345,1020,1009,2341,,,,,,1003
2008-01-06,US,PHX,LAX,2254,44.00,1.00,2,2200-2259,22.00,2400,0018,6.00,2319,0024,65.00,1.00,4,2300-2359,0.00,0.00,85.00,106.00,78.00,1.00,370.00,2,10.00,0.00,21.00,0.00,34.00,DD,106836,2338,5840,5288,3978,4,2,2008-01-06,2,4,2,DD,10.00,0.00,21.00,0.00,34.00,6,5,7,18,19,2,7,18,2400,2254,2319,24,2338,10,0,21,0,34,18
2008-01-06,B6,FLL,PSE,2355,-7.00,0.00,-1,2300-2359,12.00,2400,0259,3.00,0325,0302,-23.00,0.00,-2,0001-0559,0.00,0.00,150.00,134.00,119.00,1.00,1032.00,5,,,,,,OT,112727,2348,3343,2176,4365,-2,-1,2008-01-06,-1,-2,5,OT,,,,,,6,2,1,19,1,5,6,259,2400,2355,325,302,2348,,,,,,259
2008-01-06,B6,JFK,FLL,2150,108.00,1.00,7,2100-2159,22.00,2400,0213,3.00,0100,0216,76.00,1.00,5,0001-0559,0.00,0.00,190.00,158.00,133.00,1.00,1069.00,5,0.00,0.00,0.00,0.00,76.00,DD,112816,2338,3343,3102,2176,5,7,2008-01-06,7,5,5,DD,0.00,0.00,0.00,0.00,76.00,6,10,8,17,1,5,7,213,2400,2150,100,216,2338,0,0,0,0,76,213
2008-01-07,B6,JFK,PSE,2355,-9.00,0.00,-1,2300-2359,14.00,2400,0413,4.00,0443,0417,-26.00,0.00,-2,0001-0559,0.00,0.00,228.00,211.00,193.00,1.00,1617.00,7,,,,,,OT,124041,2346,3343,3102,4365,-2,-1,2008-01-07,-1,-2,7,OT,,,,,,7,2,1,19,1,7,6,413,2400,2355,443,417,2346,,,,,,413
2008-01-07,US,LAS,LAX,2350,-3.00,0.00,-1,2300-2359,13.00,2400,0043,7.00,0107,0050,-17.00,0.00,-2,0001-0559,0.00,0.00,77.00,63.00,43.00,1.00,236.00,1,,,,,,OT,132710,2347,5840,4310,3978,-2,-1,2008-01-07,-1,-2,1,OT,,,,,,7,2,1,19,1,1,6,43,2400,2350,107,50,2347,,,,,,43
2008-01-07,NW,HNL,PDX,2350,-6.00,0.00,-1,2300-2359,16.00,2400,0647,15.00,0720,0702,-18.00,0.00,-2,0700-0759,0.00,0.00,330.00,318.00,287.00,1.00,2603.00,11,,,,,,OT,133192,2344,4130,1628,5432,-2,-1,2008-01-07,-1,-2,11,OT,,,,,,7,2,1,19,3,11,6,647,2400,2350,720,702,2344,,,,,,647
2008-01-08,AA,LAX,FLL,2320,28.00,1.00,1,2300-2359,12.00,2400,0720,5.00,0705,0725,20.00,1.00,1,0700-0759,0.00,0.00,285.00,277.00,260.00,1.00,2342.00,10,13.00,0.00,7.00,0.00,0.00,DD,144809,2348,1125,3978,2176,1,1,2008-01-08,1,1,10,DD,13.00,0.00,7.00,0.00,0.00,8,4,4,19,3,10,7,720,2400,2320,705,725,2348,13,0,7,0,0,720
2008-01-08,B6,PDX,JFK,2355,-12.00,0.00,-1,2300-2359,17.00,2400,0800,8.00,0755,0808,13.00,0.00,0,0700-0759,0.00,0.00,300.00,325.00,300.00,1.00,2454.00,10,,,,,,DD,158600,2343,3343,5432,3102,0,-1,2008-01-08,-1,0,10,DD,,,,,,8,2,3,19,3,10,7,800,2400,2355,755,808,2343,,,,,,800
2008-01-09,B6,TUS,JFK,2359,-10.00,0.00,-1,2300-2359,11.00,2400,0554,7.00,0619,0601,-18.00,0.00,-2,0600-0659,0.00,0.00,260.00,252.00,234.00,1.00,2136.00,9,,,,,,OT,161665,2349,3343,7020,3102,-2,-1,2008-01-09,-1,-2,9,OT,,,,,,9,2,1,19,2,9,6,554,2400,2359,619,601,2349,,,,,,554
2008-01-09,US,OGG,PHX,2340,8.00,0.00,0,2300-2359,12.00,2400,0817,8.00,0820,0825,5.00,0.00,0,0800-0859,0.00,0.00,340.00,337.00,317.00,1.00,2845.00,11,,,,,,DD,176959,2348,5840,3187,5288,0,0,2008-01-09,0,0,11,DD,,,,,,9,3,3,19,4,11,7,817,2400,2340,820,825,2348,,,,,,817
2008-01-11,YV,LAS,YUM,2359,-9.00,0.00,-1,2300-2359,10.00,2400,0210,5.00,0216,0215,-1.00,0.00,-1,0001-0559,0.00,0.00,77.00,85.00,70.00,1.00,238.00,1,,,,,,OT,202199,2350,3836,4310,7630,-1,-1,2008-01-11,-1,-1,1,OT,,,,,,11,2,2,19,1,1,6,210,2400,2359,216,215,2350,,,,,,210
2008-01-11,US,LAS,DTW,2346,1.00,0.00,0,2300-2359,13.00,2400,0617,5.00,0650,0622,-28.00,0.00,-2,0600-0659,0.00,0.00,244.00,215.00,197.00,1.00,1750.00,8,,,,,,OT,214732,2347,5840,4310,1716,-2,0,2008-01-11,0,-2,8,OT,,,,,,11,3,1,19,2,8,6,617,2400,2346,650,622,2347,,,,,,617
2008-01-11,AA,LAX,SJU,2345,-1.00,0.00,-1,2300-2359,16.00,2400,0949,5.00,1020,0954,-26.00,0.00,-2,1000-1059,0.00,0.00,395.00,370.00,349.00,1.00,3386.00,11,,,,,,OT,217410,2344,1125,3978,4008,-2,-1,2008-01-11,-1,-2,11,OT,,,,,,11,2,1,19,6,11,6,949,2400,2345,1020,954,2344,,,,,,949
2008-01-11,B6,FLL,BOS,2100,172.00,1.00,11,2100-2159,8.00,2400,0245,4.00,2359,0249,170.00,1.00,11,2300-2359,0.00,0.00,179.00,177.00,165.00,1.00,1237.00,5,0.00,0.00,0.00,0.00,170.00,DD,217973,2352,3343,2176,2321,11,11,2008-01-11,11,11,5,DD,0.00,0.00,0.00,0.00,170.00,11,14,14,17,19,5,7,245,2400,2100,2359,249,2352,0,0,0,0,170,245
2008-01-11,B6,JFK,BQN,2345,-2.00,0.00,-1,2300-2359,17.00,2400,0415,6.00,0428,0421,-7.00,0.00,-1,0001-0559,0.00,0.00,223.00,218.00,195.00,1.00,1576.00,7,,,,,,OT,218052,2343,3343,3102,5638,-1,-1,2008-01-11,-1,-1,7,OT,,,,,,11,2,2,19,1,7,6,415,2400,2345,428,421,2343,,,,,,415
2008-01-12,UA,LAX,IAD,2340,-4.00,0.00,-1,2300-2359,24.00,2400,0717,8.00,0719,0725,6.00,0.00,0,0700-0759,0.00,0.00,279.00,289.00,257.00,1.00,2288.00,10,,,,,,DD,232394,2336,5798,3978,7364,0,-1,2008-01-12,-1,0,10,DD,,,,,,12,2,3,19,3,10,7,717,2400,2340,719,725,2336,,,,,,717
2008-01-13,B6,LGA,FLL,2145,130.00,1.00,8,2100-2159,5.00,2400,,,0035,,,,,0001-0559,0.00,1.00,170.00,,,1.00,1076.00,5,,,,,,DV,248347,2355,3343,3637,2176,999,8,2008-01-13,8,999,5,DV,,,,,,13,11,-1,17,1,5,5,-1,2400,2145,35,-1,2355,,,,,,-1
2008-01-13,AA,MIA,BNA,2240,70.00,1.00,4,2200-2259,10.00,2400,0048,5.00,2359,0053,54.00,1.00,3,2300-2359,0.00,0.00,139.00,123.00,108.00,1.00,806.00,4,53.00,0.00,0.00,0.00,1.00,DD,252131,2350,1125,4388,4735,3,4,2008-01-13,4,3,4,DD,53.00,0.00,0.00,0.00,1.00,13,7,6,18,19,4,7,48,2400,2240,2359,53,2350,53,0,0,0,1,48
2008-01-13,F9,DEN,PBI,2355,-5.00,0.00,-1,2300-2359,10.00,2400,0512,6.00,0535,0518,-17.00,0.00,-2,0001-0559,0.00,0.00,220.00,208.00,192.00,1.00,1679.00,7,,,,,,OT,253097,2350,2719,1701,5145,-2,-1,2008-01-13,-1,-2,7,OT,,,,,,13,2,1,19,1,7,6,512,2400,2355,535,518,2350,,,,,,512
2008-01-13,UA,EWR,SFO,1800,345.00,1.00,12,1800-1859,15.00,2400,0211,4.00,2130,0215,285.00,1.00,12,2100-2159,0.00,0.00,390.00,330.00,311.00,1.00,2565.00,11,7.00,0.00,0.00,0.00,278.00,DD,255535,2345,5798,4794,5992,12,12,2008-01-13,12,12,11,DD,7.00,0.00,0.00,0.00,278.00,13,15,15,14,17,11,7,211,2400,1800,2130,215,2345,7,0,0,0,278,211
2008-01-14,B6,OAK,BOS,2350,-4.00,0.00,-1,2300-2359,14.00,2400,0812,7.00,0813,0819,6.00,0.00,0,0800-0859,0.00,0.00,323.00,333.00,312.00,1.00,2694.00,11,,,,,,DD,269480,2346,3343,4382,2321,0,-1,2008-01-14,-1,0,11,DD,,,,,,14,2,3,19,4,11,7,812,2400,2350,813,819,2346,,,,,,812
2008-01-15,B6,JFK,PWM,2250,50.00,1.00,3,2200-2259,20.00,2400,0047,3.00,0020,0050,30.00,1.00,2,0001-0559,0.00,0.00,90.00,70.00,47.00,1.00,274.00,2,0.00,0.00,0.00,0.00,30.00,DD,280985,2340,3343,3102,5433,2,3,2008-01-15,3,2,2,DD,0.00,0.00,0.00,0.00,30.00,15,6,5,18,1,2,7,47,2400,2250,20,50,2340,0,0,0,0,30,47
2008-01-15,AA,LAX,FLL,2320,2.00,0.00,0,2300-2359,38.00,2400,0723,3.00,0705,0726,21.00,1.00,1,0700-0759,0.00,0.00,285.00,304.00,263.00,1.00,2342.00,10,0.00,0.00,21.00,0.00,0.00,DD,289177,2322,1125,3978,2176,1,0,2008-01-15,0,1,10,DD,0.00,0.00,21.00,0.00,0.00,15,3,4,19,3,10,7,723,2400,2320,705,726,2322,0,0,21,0,0,723
2008-01-16,UA,LAS,ORD,2355,-7.00,0.00,-1,2300-2359,12.00,2400,0501,4.00,0522,0505,-17.00,0.00,-2,0001-0559,0.00,0.00,207.00,197.00,181.00,1.00,1515.00,7,,,,,,OT,295638,2348,5798,4310,1343,-2,-1,2008-01-16,-1,-2,7,OT,,,,,,16,2,1,19,1,7,6,501,2400,2355,522,505,2348,,,,,,501
2008-01-16,9E,ATL,HOU,1900,2.00,0.00,0,1900-1959,298.00,2400,0105,2.00,2029,0107,278.00,1.00,12,2000-2059,0.00,0.00,149.00,425.00,125.00,1.00,696.00,3,0.00,0.00,278.00,0.00,0.00,DD,297388,1902,4400,2658,7469,12,0,2008-01-16,0,12,3,DD,0.00,0.00,278.00,0.00,0.00,16,3,15,15,16,3,7,105,2400,1900,2029,107,1902,0,0,278,0,0,105
2008-01-16,AA,KOA,LAX,2355,-6.00,0.00,-1,2300-2359,11.00,2400,0658,16.00,0655,0714,19.00,1.00,1,0600-0659,0.00,0.00,300.00,325.00,298.00,1.00,2504.00,11,0.00,0.00,19.00,0.00,0.00,DD,298332,2349,1125,1969,3978,1,-1,2008-01-16,-1,1,11,DD,0.00,0.00,19.00,0.00,0.00,16,2,4,19,2,11,7,658,2400,2355,655,714,2349,0,0,19,0,0,658
2008-01-16,NW,HNL,PDX,2350,-11.00,0.00,-1,2300-2359,21.00,2400,0711,6.00,0720,0717,-3.00,0.00,-1,0700-0759,0.00,0.00,330.00,338.00,311.00,1.00,2603.00,11,,,,,,OT,300922,2339,4130,1628,5432,-1,-1,2008-01-16,-1,-1,11,OT,,,,,,16,2,2,19,3,11,6,711,2400,2350,720,717,2339,,,,,,711
2008-01-16,B6,MCO,PSE,2345,7.00,0.00,0,2300-2359,8.00,2400,0319,4.00,0340,0323,-17.00,0.00,-2,0001-0559,0.00,0.00,175.00,151.00,139.00,1.00,1180.00,5,,,,,,DD,304965,2352,3343,5055,4365,-2,0,2008-01-16,0,-2,5,DD,,,,,,16,3,1,19,1,5,7,319,2400,2345,340,323,2352,,,,,,319
2008-01-17,UA,SEA,IAD,2305,42.00,1.00,2,2300-2359,13.00,2400,0711,12.00,0648,0723,35.00,1.00,2,0600-0659,0.00,0.00,283.00,276.00,251.00,1.00,2306.00,10,35.00,0.00,0.00,0.00,0.00,DD,316441,2347,5798,6151,7364,2,2,2008-01-17,2,2,10,DD,35.00,0.00,0.00,0.00,0.00,17,5,5,19,2,10,7,711,2400,2305,648,723,2347,35,0,0,0,0,711
2008-01-17,YV,LAS,BFL,2353,-5.00,0.00,-1,2300-2359,12.00,2400,0041,4.00,0103,0045,-18.00,0.00,-2,0001-0559,0.00,0.00,70.00,57.00,41.00,1.00,224.00,1,,,,,,OT,320666,2348,3836,4310,4322,-2,-1,2008-01-17,-1,-2,1,OT,,,,,,17,2,1,19,1,1,6,41,2400,2353,103,45,2348,,,,,,41
2008-01-17,YV,LAS,PSP,2359,-4.00,0.00,-1,2300-2359,5.00,2400,0100,6.00,0110,0106,-4.00,0.00,-1,0001-0559,0.00,0.00,71.00,71.00,60.00,1.00,173.00,1,,,,,,OT,320678,2355,3836,4310,5147,-1,-1,2008-01-17,-1,-1,1,OT,,,,,,17,2,2,19,1,1,6,100,2400,2359,110,106,2355,,,,,,100
2008-01-17,WN,SJC,LAS,2135,138.00,1.00,9,2100-2159,7.00,2400,0058,3.00,2255,0101,126.00,1.00,8,2200-2259,0.00,0.00,80.00,68.00,58.00,1.00,387.00,2,0.00,0.00,0.00,0.00,126.00,DD,327911,2353,5214,4870,4310,8,9,2008-01-17,9,8,2,DD,0.00,0.00,0.00,0.00,126.00,17,12,11,17,18,2,7,58,2400,2135,2255,101,2353,0,0,0,0,126,58
2008-01-17,NW,HNL,PDX,2350,-12.00,0.00,-1,2300-2359,22.00,2400,0713,11.00,0720,0724,4.00,0.00,0,0700-0759,0.00,0.00,330.00,346.00,313.00,1.00,2603.00,11,,,,,,OT,329246,2338,4130,1628,5432,0,-1,2008-01-17,-1,0,11,OT,,,,,,17,2,3,19,3,11,6,713,2400,2350,720,724,2338,,,,,,713
2008-01-17,AA,LAX,SJU,2345,1.00,0.00,0,2300-2359,14.00,2400,1019,5.00,1020,1024,4.00,0.00,0,1000-1059,0.00,0.00,395.00,398.00,379.00,1.00,3386.00,11,,,,,,OT,332939,2346,1125,3978,4008,0,0,2008-01-17,0,0,11,OT,,,,,,17,3,3,19,6,11,6,1019,2400,2345,1020,1024,2346,,,,,,1019
2008-01-17,B6,JFK,RDU,2145,60.00,1.00,4,2100-2159,75.00,2400,0030,6.00,2342,0036,54.00,1.00,3,2300-2359,0.00,0.00,117.00,111.00,30.00,1.00,426.00,2,54.00,0.00,0.00,0.00,0.00,DD,333668,2245,3343,3102,5656,3,4,2008-01-17,4,3,2,DD,54.00,0.00,0.00,0.00,0.00,17,7,6,17,19,2,7,30,2400,2145,2342,36,2245,54,0,0,0,0,30
2008-01-18,B6,OAK,BOS,2350,-2.00,0.00,-1,2300-2359,12.00,2400,0758,4.00,0813,0802,-11.00,0.00,-1,0800-0859,0.00,0.00,323.00,314.00,298.00,1.00,2694.00,11,,,,,,OT,340130,2348,3343,4382,2321,-1,-1,2008-01-18,-1,-1,11,OT,,,,,,18,2,2,19,4,11,6,758,2400,2350,813,802,2348,,,,,,758
2008-01-18,NW,HNL,PDX,2350,-8.00,0.00,-1,2300-2359,18.00,2400,0707,7.00,0720,0714,-6.00,0.00,-1,0700-0759,0.00,0.00,330.00,332.00,307.00,1.00,2603.00,11,,,,,,OT,345970,2342,4130,1628,5432,-1,-1,2008-01-18,-1,-1,11,OT,,,,,,18,2,2,19,3,11,6,707,2400,2350,720,714,2342,,,,,,707
2008-01-18,NW,MCO,MSP,1751,359.00,1.00,12,1700-1759,10.00,2400,0146,5.00,2032,0151,319.00,1.00,12,2000-2059,0.00,0.00,221.00,181.00,166.00,1.00,1310.00,6,4.00,0.00,0.00,0.00,315.00,DD,355270,2350,4130,5055,4435,12,12,2008-01-18,12,12,6,DD,4.00,0.00,0.00,0.00,315.00,18,15,15,13,16,6,7,146,2400,1751,2032,151,2350,4,0,0,0,315,146
2008-01-19,B6,JFK,BQN,2345,-5.00,0.00,-1,2300-2359,20.00,2400,0430,6.00,0428,0436,8.00,0.00,0,0001-0559,0.00,0.00,223.00,236.00,210.00,1.00,1576.00,7,,,,,,DD,360641,2340,3343,3102,5638,0,-1,2008-01-19,-1,0,7,DD,,,,,,19,2,3,19,1,7,7,430,2400,2345,428,436,2340,,,,,,430
2008-01-19,B6,MCO,LGA,1905,285.00,1.00,12,1900-1959,10.00,2400,0147,9.00,2154,0156,242.00,1.00,12,2100-2159,0.00,0.00,169.00,126.00,107.00,1.00,950.00,4,136.00,0.00,0.00,0.00,106.00,DD,360831,2350,3343,5055,3637,12,12,2008-01-19,12,12,4,DD,136.00,0.00,0.00,0.00,106.00,19,15,15,15,17,4,7,147,2400,1905,2154,156,2350,136,0,0,0,106,147
2008-01-19,B6,OAK,BOS,2350,4.00,0.00,0,2300-2359,6.00,2400,0756,4.00,0813,0800,-13.00,0.00,-1,0800-0859,0.00,0.00,323.00,306.00,296.00,1.00,2694.00,11,,,,,,OT,360844,2354,3343,4382,2321,-1,0,2008-01-19,0,-1,11,OT,,,,,,19,3,2,19,4,11,6,756,2400,2350,813,800,2354,,,,,,756
2008-01-20,US,LAS,PDX,2353,-7.00,0.00,-1,2300-2359,14.00,2400,0152,5.00,0215,0157,-18.00,0.00,-2,0001-0559,0.00,0.00,142.00,131.00,112.00,1.00,762.00,4,,,,,,OT,374444,2346,5840,4310,5432,-2,-1,2008-01-20,-1,-2,4,OT,,,,,,20,2,1,19,1,4,6,152,2400,2353,215,157,2346,,,,,,152
2008-01-20,UA,OGG,SFO,2230,82.00,1.00,5,2200-2259,8.00,2400,0639,4.00,0515,0643,88.00,1.00,5,0001-0559,0.00,0.00,285.00,291.00,279.00,1.00,2338.00,10,82.00,0.00,6.00,0.00,0.00,DD,385900,2352,5798,3187,5992,5,5,2008-01-20,5,5,10,DD,82.00,0.00,6.00,0.00,0.00,20,8,8,18,1,10,7,639,2400,2230,515,643,2352,82,0,6,0,0,639
2008-01-21,MQ,ORD,CMI,2050,150.00,1.00,10,2000-2059,40.00,2400,0033,7.00,2140,0040,180.00,1.00,12,2100-2159,0.00,0.00,50.00,80.00,33.00,1.00,135.00,1,0.00,15.00,30.00,0.00,135.00,DD,391434,2320,1127,1343,7113,12,10,2008-01-21,10,12,1,DD,0.00,15.00,30.00,0.00,135.00,21,13,15,16,17,1,7,33,2400,2050,2140,40,2320,0,15,30,0,135,33
2008-01-21,B6,JFK,BOS,2245,33.00,1.00,2,2200-2259,42.00,2400,0010,4.00,2356,0014,18.00,1.00,1,2300-2359,0.00,0.00,71.00,56.00,10.00,1.00,187.00,1,18.00,0.00,0.00,0.00,0.00,DD,392173,2318,3343,3102,2321,1,2,2008-01-21,2,1,1,DD,18.00,0.00,0.00,0.00,0.00,21,5,4,18,19,1,7,10,2400,2245,2356,14,2318,18,0,0,0,0,10
2008-01-21,YV,LAS,SJC,2359,-10.00,0.00,-1,2300-2359,11.00,2400,0100,10.00,0128,0110,-18.00,0.00,-2,0001-0559,0.00,0.00,89.00,81.00,60.00,1.00,387.00,2,,,,,,OT,402149,2349,3836,4310,4870,-2,-1,2008-01-21,-1,-2,2,OT,,,,,,21,2,1,19,1,2,6,100,2400,2359,128,110,2349,,,,,,100
2008-01-22,US,HNL,PHX,2355,-10.00,0.00,-1,2300-2359,15.00,2400,0820,5.00,0855,0825,-30.00,0.00,-2,0800-0859,0.00,0.00,360.00,340.00,320.00,1.00,2918.00,11,,,,,,OT,413878,2345,5840,1628,5288,-2,-1,2008-01-22,-1,-2,11,OT,,,,,,22,2,1,19,4,11,6,820,2400,2355,855,825,2345,,,,,,820
2008-01-22,F9,DEN,BDL,2355,-4.00,0.00,-1,2300-2359,9.00,2400,0508,7.00,0532,0515,-17.00,0.00,-2,0001-0559,0.00,0.00,217.00,204.00,188.00,1.00,1671.00,7,,,,,,OT,417189,2351,2719,1701,891,-2,-1,2008-01-22,-1,-2,7,OT,,,,,,22,2,1,19,1,7,6,508,2400,2355,532,515,2351,,,,,,508
2008-01-22,YV,LAS,PHX,2359,-10.00,0.00,-1,2300-2359,11.00,2400,0139,6.00,0219,0145,-34.00,0.00,-2,0001-0559,0.00,0.00,80.00,56.00,39.00,1.00,256.00,2,,,,,,OT,418868,2349,3836,4310,5288,-2,-1,2008-01-22,-1,-2,2,OT,,,,,,22,2,1,19,1,2,6,139,2400,2359,219,145,2349,,,,,,139
2008-01-22,B6,JFK,PSE,2355,-10.00,0.00,-1,2300-2359,15.00,2400,0426,5.00,0443,0431,-12.00,0.00,-1,0001-0559,0.00,0.00,228.00,226.00,206.00,1.00,1617.00,7,,,,,,OT,428590,2345,3343,3102,4365,-1,-1,2008-01-22,-1,-1,7,OT,,,,,,22,2,2,19,1,7,6,426,2400,2355,443,431,2345,,,,,,426
2008-01-23,YV,LAS,PSP,2359,-4.00,0.00,-1,2300-2359,5.00,2400,0055,5.00,0110,0100,-10.00,0.00,-1,0001-0559,0.00,0.00,71.00,65.00,55.00,1.00,173.00,1,,,,,,OT,446257,2355,3836,4310,5147,-1,-1,2008-01-23,-1,-1,1,OT,,,,,,23,2,2,19,1,1,6,55,2400,2359,110,100,2355,,,,,,55
2008-01-24,AA,LAS,MIA,2310,30.00,1.00,2,2300-2359,20.00,2400,0648,5.00,0630,0653,23.00,1.00,1,0600-0659,0.00,0.00,260.00,253.00,228.00,1.00,2175.00,9,10.00,0.00,0.00,0.00,13.00,DD,450936,2340,1125,4310,4388,1,2,2008-01-24,2,1,9,DD,10.00,0.00,0.00,0.00,13.00,24,5,4,19,2,9,7,648,2400,2310,630,653,2340,10,0,0,0,13,648
2008-01-24,NW,HNL,PDX,2350,-15.00,0.00,-1,2300-2359,25.00,2400,0747,6.00,0720,0753,33.00,1.00,2,0700-0759,0.00,0.00,330.00,378.00,347.00,1.00,2603.00,11,0.00,0.00,33.00,0.00,0.00,DD,460165,2335,4130,1628,5432,2,-1,2008-01-24,-1,2,11,DD,0.00,0.00,33.00,0.00,0.00,24,2,5,19,3,11,7,747,2400,2350,720,753,2335,0,0,33,0,0,747
2008-01-25,US,SFO,PHL,2200,108.00,1.00,7,2200-2259,12.00,2400,0725,4.00,0609,0729,80.00,1.00,5,0600-0659,0.00,0.00,309.00,281.00,265.00,1.00,2521.00,11,13.00,0.00,0.00,0.00,67.00,DD,476122,2348,5840,5992,5279,5,7,2008-01-25,7,5,11,DD,13.00,0.00,0.00,0.00,67.00,25,10,8,18,2,11,7,725,2400,2200,609,729,2348,13,0,0,0,67,725
2008-01-25,UA,LAX,ORD,2310,7.00,0.00,0,2300-2359,43.00,2400,0504,6.00,0501,0510,9.00,0.00,0,0001-0559,0.00,0.00,231.00,233.00,184.00,1.00,1745.00,7,,,,,,DD,476887,2317,5798,3978,1343,0,0,2008-01-25,0,0,7,DD,,,,,,25,3,3,19,1,7,7,504,2400,2310,501,510,2317,,,,,,504
2008-01-25,B6,PDX,JFK,2355,-7.00,0.00,-1,2300-2359,12.00,2400,0743,6.00,0755,0749,-6.00,0.00,-1,0700-0759,0.00,0.00,300.00,301.00,283.00,1.00,2454.00,10,,,,,,OT,477155,2348,3343,5432,3102,-1,-1,2008-01-25,-1,-1,10,OT,,,,,,25,2,2,19,3,10,6,743,2400,2355,755,749,2348,,,,,,743
2008-01-25,B6,PHX,JFK,2330,21.00,1.00,1,2300-2359,9.00,2400,0542,4.00,0555,0546,-9.00,0.00,-1,0001-0559,0.00,0.00,265.00,235.00,222.00,1.00,2153.00,9,,,,,,DD,477157,2351,3343,5288,3102,-1,1,2008-01-25,1,-1,9,DD,,,,,,25,4,2,19,1,9,7,542,2400,2330,555,546,2351,,,,,,542
2008-01-25,US,LAS,ORD,2356,-6.00,0.00,-1,2300-2359,10.00,2400,0446,12.00,0537,0458,-39.00,0.00,-2,0001-0559,0.00,0.00,221.00,188.00,166.00,1.00,1515.00,7,,,,,,OT,489199,2350,5840,4310,1343,-2,-1,2008-01-25,-1,-2,7,OT,,,,,,25,2,1,19,1,7,6,446,2400,2356,537,458,2350,,,,,,446
2008-01-26,YV,LAS,PHX,2359,-9.00,0.00,-1,2300-2359,10.00,2400,0141,5.00,0219,0146,-33.00,0.00,-2,0001-0559,0.00,0.00,80.00,56.00,41.00,1.00,256.00,2,,,,,,OT,496594,2350,3836,4310,5288,-2,-1,2008-01-26,-1,-2,2,OT,,,,,,26,2,1,19,1,2,6,141,2400,2359,219,146,2350,,,,,,141
2008-01-27,B6,JFK,BQN,2345,4.00,0.00,0,2300-2359,11.00,2400,0426,4.00,0428,0430,2.00,0.00,0,0001-0559,0.00,0.00,223.00,221.00,206.00,1.00,1576.00,7,,,,,,OT,516778,2349,3343,3102,5638,0,0,2008-01-27,0,0,7,OT,,,,,,27,3,3,19,1,7,6,426,2400,2345,428,430,2349,,,,,,426
2008-01-27,WN,LAS,SLC,2205,89.00,1.00,5,2200-2259,26.00,2400,0151,5.00,0020,0156,96.00,1.00,6,0001-0559,0.00,0.00,75.00,82.00,51.00,1.00,368.00,2,3.00,0.00,7.00,0.00,86.00,DD,522739,2334,5214,4310,5954,6,5,2008-01-27,5,6,2,DD,3.00,0.00,7.00,0.00,86.00,27,8,9,18,1,2,7,151,2400,2205,20,156,2334,3,0,7,0,86,151
2008-01-27,WN,OAK,SAN,2125,145.00,1.00,9,2100-2159,10.00,2400,0110,2.00,2250,0112,142.00,1.00,9,2200-2259,0.00,0.00,85.00,82.00,70.00,1.00,446.00,2,7.00,0.00,0.00,0.00,135.00,DD,523444,2350,5214,4382,5986,9,9,2008-01-27,9,9,2,DD,7.00,0.00,0.00,0.00,135.00,27,12,12,17,18,2,7,110,2400,2125,2250,112,2350,7,0,0,0,135,110
2008-01-28,UA,ORD,SAN,1955,233.00,1.00,12,1900-1959,12.00,2400,0200,2.00,2220,0202,222.00,1.00,12,2200-2259,0.00,0.00,265.00,254.00,240.00,1.00,1723.00,7,32.00,0.00,0.00,0.00,190.00,DD,527378,2348,5798,1343,5986,12,12,2008-01-28,12,12,7,DD,32.00,0.00,0.00,0.00,190.00,28,15,15,15,18,7,7,200,2400,1955,2220,202,2348,32,0,0,0,190,200
2008-01-28,B6,DEN,BOS,2335,14.00,0.00,0,2300-2359,11.00,2400,0505,3.00,0512,0508,-4.00,0.00,-1,0001-0559,0.00,0.00,217.00,199.00,185.00,1.00,1754.00,8,,,,,,DD,534744,2349,3343,1701,2321,-1,0,2008-01-28,0,-1,8,DD,,,,,,28,3,2,19,1,8,7,505,2400,2335,512,508,2349,,,,,,505
2008-01-28,B6,JFK,BQN,2345,-7.00,0.00,-1,2300-2359,22.00,2400,0353,9.00,0428,0402,-26.00,0.00,-2,0001-0559,0.00,0.00,223.00,204.00,173.00,1.00,1576.00,7,,,,,,OT,534837,2338,3343,3102,5638,-2,-1,2008-01-28,-1,-2,7,OT,,,,,,28,2,1,19,1,7,6,353,2400,2345,428,402,2338,,,,,,353
2008-01-29,UA,LAX,IAD,2330,16.00,1.00,1,2300-2359,14.00,2400,0712,5.00,0713,0717,4.00,0.00,0,0700-0759,0.00,0.00,283.00,271.00,252.00,1.00,2288.00,10,,,,,,DD,553912,2346,5798,3978,7364,0,1,2008-01-29,1,0,10,DD,,,,,,29,4,3,19,3,10,7,712,2400,2330,713,717,2346,,,,,,712
2008-01-30,B6,FLL,PSE,2355,-5.00,0.00,-1,2300-2359,10.00,2400,0259,3.00,0325,0302,-23.00,0.00,-2,0001-0559,0.00,0.00,150.00,132.00,119.00,1.00,1032.00,5,,,,,,OT,569165,2350,3343,2176,4365,-2,-1,2008-01-30,-1,-2,5,OT,,,,,,30,2,1,19,1,5,6,259,2400,2355,325,302,2350,,,,,,259
2008-01-30,B6,MCO,PSE,2345,11.00,0.00,0,2300-2359,4.00,2400,0327,3.00,0340,0330,-10.00,0.00,-1,0001-0559,0.00,0.00,175.00,154.00,147.00,1.00,1180.00,5,,,,,,DD,569398,2356,3343,5055,4365,-1,0,2008-01-30,0,-1,5,DD,,,,,,30,3,2,19,1,5,7,327,2400,2345,340,330,2356,,,,,,327
2008-01-30,B6,SEA,JFK,2359,-10.00,0.00,-1,2300-2359,11.00,2400,0730,3.00,0800,0733,-27.00,0.00,-2,0800-0859,0.00,0.00,301.00,284.00,270.00,1.00,2421.00,10,,,,,,OT,569490,2349,3343,6151,3102,-2,-1,2008-01-30,-1,-2,10,OT,,,,,,30,2,1,19,4,10,6,730,2400,2359,800,733,2349,,,,,,730
2008-01-30,YV,LAS,PSP,2359,-10.00,0.00,-1,2300-2359,11.00,2400,0045,10.00,0110,0055,-15.00,0.00,-1,0001-0559,0.00,0.00,71.00,66.00,45.00,1.00,173.00,1,,,,,,OT,579097,2349,3836,4310,5147,-1,-1,2008-01-30,-1,-1,1,OT,,,,,,30,2,2,19,1,1,6,45,2400,2359,110,55,2349,,,,,,45
2008-01-31,OO,SFO,ONT,2215,91.00,1.00,6,2200-2259,14.00,2400,0051,4.00,2335,0055,80.00,1.00,5,2300-2359,0.00,0.00,80.00,69.00,51.00,1.00,363.00,2,80.00,0.00,0.00,0.00,0.00,DD,586508,2346,5116,5992,5026,5,6,2008-01-31,6,5,2,DD,80.00,0.00,0.00,0.00,0.00,31,9,8,18,19,2,7,51,2400,2215,2335,55,2346,80,0,0,0,0,51
2008-01-31,B6,SLC,JFK,2355,-9.00,0.00,-1,2300-2359,14.00,2400,0543,6.00,0605,0549,-16.00,0.00,-2,0600-0659,0.00,0.00,250.00,243.00,223.00,1.00,1989.00,8,,,,,,OT,594165,2346,3343,5954,3102,-2,-1,2008-01-31,-1,-2,8,OT,,,,,,31,2,1,19,2,8,6,543,2400,2355,605,549,2346,,,,,,543
2008-01-31,B6,TUS,JFK,2359,-9.00,0.00,-1,2300-2359,10.00,2400,0607,7.00,0623,0614,-9.00,0.00,-1,0600-0659,0.00,0.00,264.00,264.00,247.00,1.00,2136.00,9,,,,,,OT,594196,2350,3343,7020,3102,-1,-1,2008-01-31,-1,-1,9,OT,,,,,,31,2,2,19,2,9,6,607,2400,2359,623,614,2350,,,,,,607
2008-01-31,NW,HNL,PDX,2350,-7.00,0.00,-1,2300-2359,17.00,2400,0705,6.00,0720,0711,-9.00,0.00,-1,0700-0759,0.00,0.00,330.00,328.00,305.00,1.00,2603.00,11,,,,,,OT,595515,2343,4130,1628,5432,-1,-1,2008-01-31,-1,-1,11,OT,,,,,,31,2,2,19,3,11,6,705,2400,2350,720,711,2343,,,,,,705
2008-01-31,B6,FLL,PSE,2355,-8.00,0.00,-1,2300-2359,13.00,2400,0305,3.00,0325,0308,-17.00,0.00,-2,0001-0559,0.00,0.00,150.00,141.00,125.00,1.00,1032.00,5,,,,,,OT,601367,2347,3343,2176,4365,-2,-1,2008-01-31,-1,-2,5,OT,,,,,,31,2,1,19,1,5,6,305,2400,2355,325,308,2347,,,,,,305
